ell  q
0 0
0.009568577929 0
0.01909998503 0
0.02855719719 0
0.03790348307 0
0.04710254916 0
0.0561186829 0
0.06491689373 0
0.07346305112 0
0.08172401925 0
0.08966778784 0
0.09726359846 0
0.1044820659 0.004482065889
0.1112952941 0.01129529411
0.1176769864 0.01767698642
0.1236025492 0.02360254916
0.1290491888 0.02904918883
0.133996002 0.03399600201
0.1384240579 0.03842405787
0.1423164729 0.04231647288
0.1456584774 0.04565847744
0.1484374742 0.04843747417
0.1506430876 0.05064308761
0.1522672052 0.0522672052
0.1533040093 0.05330400926
0.15375 0.05375
0.1536040093 0.05375098405
0.1528672052 0.05375098405
0.1515430876 0.05375098405
0.1496374742 0.05375098405
0.1471584774 0.05375098405
0.1441164729 0.05375098405
0.1405240579 0.05375098405
0.136396002 0.05375098405
0.1317491888 0.05375098405
0.1266025492 0.05375098405
0.1209769864 0.05375098405
0.1148952941 0.05375098405
0.1083820659 0.05375098405
0.1014635985 0.05375098405
0.09416778784 0.05375098405
0.08652401925 0.05375098405
0.07856305112 0.05375098405
0.07031689373 0.05375098405
0.0618186829 0.05375098405
0.05310254916 0.05375098405
0.04420348307 0.05375098405
0.03515719719 0.05375098405
0.02599998503 0.05375098405
0.01676857793 0.05375098405
0.0075 0.05375098405
-0.001768577929 0.05375098405
-0.01099998503 0.05375098405
-0.02015719719 0.05375098405
-0.02920348307 0.05375098405
-0.03810254916 0.05375098405
-0.0468186829 0.0531813171
-0.05531689373 0.04468310627
-0.06356305112 0.03643694888
-0.07152401925 0.02847598075
-0.07916778784 0.02083221216
-0.08646359846 0.01353640154
-0.09338206589 0.006617934111
-0.09989529411 0.0001047058868
-0.1059769864 -0.005976986416
-0.1116025492 -0.01160254916
-0.1167491888 -0.01674918883
-0.121396002 -0.02139600201
-0.1255240579 -0.02552405787
-0.1291164729 -0.02911647288
-0.1321584774 -0.03215847744
-0.1346374742 -0.03463747417
-0.1365430876 -0.03654308761
-0.1378672052 -0.0378672052
-0.1386040093 -0.03860400926
-0.13875 -0.03875098405
-0.1383040093 -0.03875098405
-0.1372672052 -0.03875098405
-0.1356430876 -0.03875098405
-0.1334374742 -0.03875098405
-0.1306584774 -0.03875098405
-0.1273164729 -0.03875098405
-0.1234240579 -0.03875098405
-0.118996002 -0.03875098405
-0.1140491888 -0.03875098405
-0.1086025492 -0.03875098405
-0.1026769864 -0.03875098405
-0.09629529411 -0.03875098405
-0.08948206589 -0.03875098405
-0.08226359846 -0.03875098405
-0.07466778784 -0.03875098405
-0.06672401925 -0.03875098405
-0.05846305112 -0.03875098405
-0.04991689373 -0.03875098405
-0.0411186829 -0.03875098405
-0.03210254916 -0.03875098405
-0.02290348307 -0.03875098405
-0.01355719719 -0.03875098405
-0.004099985035 -0.03875098405
0.005431422071 -0.03875098405
0.015 -0.03875098405
0.02456857793 -0.03875098405
0.03409998503 -0.03875098405
0.04355719719 -0.03875098405
0.05290348307 -0.03875098405
0.06210254916 -0.03789745084
0.0711186829 -0.0288813171
0.07991689373 -0.02008310627
0.08846305112 -0.01153694888
0.09672401925 -0.003275980753
0.1046677878 0.004667787844
0.1122635985 0.01226359846
0.1194820659 0.01948206589
0.1262952941 0.02629529411
0.1326769864 0.03267698642
0.1386025492 0.03860254916
0.1440491888 0.04404918883
0.148996002 0.04899600201
0.1534240579 0.05342405787
0.1573164729 0.05731647288
0.1606584774 0.06065847744
0.1634374742 0.06343747417
0.1656430876 0.06564308761
0.1672672052 0.0672672052
0.1683040093 0.06830400926
0.16875 0.06875
0.1686040093 0.06875098405
0.1678672052 0.06875098405
0.1665430876 0.06875098405
0.1646374742 0.06875098405
0.1621584774 0.06875098405
0.1591164729 0.06875098405
0.1555240579 0.06875098405
0.151396002 0.06875098405
0.1467491888 0.06875098405
0.1416025492 0.06875098405
0.1359769864 0.06875098405
0.1298952941 0.06875098405
0.1233820659 0.06875098405
0.1164635985 0.06875098405
0.1091677878 0.06875098405
0.1015240192 0.06875098405
0.09356305112 0.06875098405
0.08531689373 0.06875098405
0.0768186829 0.06875098405
0.06810254916 0.06875098405
0.05920348307 0.06875098405
0.05015719719 0.06875098405
0.04099998503 0.06875098405
0.03176857793 0.06875098405
0.0225 0.06875098405
0.01323142207 0.06875098405
0.004000014965 0.06875098405
-0.005157197188 0.06875098405
-0.01420348307 0.06875098405
-0.02310254916 0.06875098405
-0.0318186829 0.0681813171
-0.04031689373 0.05968310627
-0.04856305112 0.05143694888
-0.05652401925 0.04347598075
-0.06416778784 0.03583221216
-0.07146359846 0.02853640154
-0.07838206589 0.02161793411
-0.08489529411 0.01510470589
-0.09097698642 0.009023013584
-0.09660254916 0.003397450844
-0.1017491888 -0.001749188825
-0.106396002 -0.006396002007
-0.1105240579 -0.01052405787
-0.1141164729 -0.01411647288
-0.1171584774 -0.01715847744
-0.1196374742 -0.01963747417
-0.1215430876 -0.02154308761
-0.1228672052 -0.0228672052
-0.1236040093 -0.02360400926
-0.12375 -0.02375098405
-0.1233040093 -0.02375098405
-0.1222672052 -0.02375098405
-0.1206430876 -0.02375098405
-0.1184374742 -0.02375098405
-0.1156584774 -0.02375098405
-0.1123164729 -0.02375098405
-0.1084240579 -0.02375098405
-0.103996002 -0.02375098405
-0.09904918883 -0.02375098405
-0.09360254916 -0.02375098405
-0.08767698642 -0.02375098405
-0.08129529411 -0.02375098405
-0.07448206589 -0.02375098405
-0.06726359846 -0.02375098405
-0.05966778784 -0.02375098405
-0.05172401925 -0.02375098405
-0.04346305112 -0.02375098405
-0.03491689373 -0.02375098405
-0.0261186829 -0.02375098405
-0.01710254916 -0.02375098405
-0.007903483075 -0.02375098405
0.001442802812 -0.02375098405
0.01090001497 -0.02375098405
0.02043142207 -0.02375098405
0.03 -0.02375098405
0.03956857793 -0.02375098405
0.04909998503 -0.02375098405
0.05855719719 -0.02375098405
0.06790348307 -0.02375098405
0.07710254916 -0.02289745084
0.0861186829 -0.0138813171
0.09491689373 -0.005083106265
0.1034630511 0.003463051115
0.1117240192 0.01172401925
0.1196677878 0.01966778784
0.1272635985 0.02726359846
0.1344820659 0.03448206589
0.1412952941 0.04129529411
0.1476769864 0.04767698642
0.1536025492 0.05360254916
0.1590491888 0.05904918883
0.163996002 0.06399600201
0.1684240579 0.06842405787
0.1723164729 0.07231647288
0.1756584774 0.07565847744
0.1784374742 0.07843747417
0.1806430876 0.08064308761
0.1822672052 0.0822672052
0.1833040093 0.08330400926
0.18375 0.08375
0.1836040093 0.08375098405
0.1828672052 0.08375098405
0.1815430876 0.08375098405
0.1796374742 0.08375098405
0.1771584774 0.08375098405
0.1741164729 0.08375098405
0.1705240579 0.08375098405
0.166396002 0.08375098405
0.1617491888 0.08375098405
0.1566025492 0.08375098405
0.1509769864 0.08375098405
0.1448952941 0.08375098405
0.1383820659 0.08375098405
0.1314635985 0.08375098405
0.1241677878 0.08375098405
0.1165240192 0.08375098405
0.1085630511 0.08375098405
0.1003168937 0.08375098405
0.0918186829 0.08375098405
0.08310254916 0.08375098405
0.07420348307 0.08375098405
0.06515719719 0.08375098405
0.05599998503 0.08375098405
0.04676857793 0.08375098405
0.0375 0.08375098405
0.02823142207 0.08375098405
0.01900001497 0.08375098405
0.009842802812 0.08375098405
0.0007965169253 0.08375098405
-0.008102549156 0.08375098405
-0.0168186829 0.0831813171
-0.02531689373 0.07468310627
-0.03356305112 0.06643694888
-0.04152401925 0.05847598075
-0.04916778784 0.05083221216
-0.05646359846 0.04353640154
-0.06338206589 0.03661793411
-0.06989529411 0.03010470589
-0.07597698642 0.02402301358
-0.08160254916 0.01839745084
-0.08674918883 0.01325081117
-0.09139600201 0.008603997993
-0.09552405787 0.00447594213
-0.09911647288 0.0008835271168
-0.1021584774 -0.002158477444
-0.1046374742 -0.004637474169
-0.1065430876 -0.006543087609
-0.1078672052 -0.007867205197
-0.1086040093 -0.008604009264
-0.10875 -0.008750984055
-0.1083040093 -0.008750984055
-0.1072672052 -0.008750984055
-0.1056430876 -0.008750984055
-0.1034374742 -0.008750984055
-0.1006584774 -0.008750984055
-0.09731647288 -0.008750984055
-0.09342405787 -0.008750984055
-0.08899600201 -0.008750984055
-0.08404918883 -0.008750984055
-0.07860254916 -0.008750984055
-0.07267698642 -0.008750984055
-0.06629529411 -0.008750984055
-0.05948206589 -0.008750984055
-0.05226359846 -0.008750984055
-0.04466778784 -0.008750984055
-0.03672401925 -0.008750984055
-0.02846305112 -0.008750984055
-0.01991689373 -0.008750984055
-0.0111186829 -0.008750984055
-0.002102549156 -0.008750984055
0.007096516925 -0.008750984055
0.01644280281 -0.008750984055
0.02590001497 -0.008750984055
0.03543142207 -0.008750984055
0.045 -0.008750984055
0.05456857793 -0.008750984055
0.06409998503 -0.008750984055
0.07355719719 -0.008750984055
0.08290348307 -0.008750984055
0.09210254916 -0.007897450844
0.1011186829 0.001118682903
0.1099168937 0.009916893735
0.1184630511 0.01846305112
0.1267240192 0.02672401925
0.1346677878 0.03466778784
0.1422635985 0.04226359846
0.1494820659 0.04948206589
0.1562952941 0.05629529411
0.1626769864 0.06267698642
0.1686025492 0.06860254916
0.1740491888 0.07404918883
0.178996002 0.07899600201
0.1834240579 0.08342405787
0.1873164729 0.08731647288
0.1906584774 0.09065847744
0.1934374742 0.09343747417
0.1956430876 0.09564308761
0.1972672052 0.0972672052
0.1983040093 0.09830400926
0.19875 0.09875
0.1986040093 0.09875098405
0.1978672052 0.09875098405
0.1965430876 0.09875098405
0.1946374742 0.09875098405
0.1921584774 0.09875098405
0.1891164729 0.09875098405
0.1855240579 0.09875098405
0.181396002 0.09875098405
0.1767491888 0.09875098405
0.1716025492 0.09875098405
0.1659769864 0.09875098405
0.1598952941 0.09875098405
0.1533820659 0.09875098405
0.1464635985 0.09875098405
0.1391677878 0.09875098405
0.1315240192 0.09875098405
0.1235630511 0.09875098405
0.1153168937 0.09875098405
0.1068186829 0.09875098405
0.09810254916 0.09875098405
0.08920348307 0.09875098405
0.08015719719 0.09875098405
0.07099998503 0.09875098405
0.06176857793 0.09875098405
0.0525 0.09875098405
0.04323142207 0.09875098405
0.03400001497 0.09875098405
0.02484280281 0.09875098405
0.01579651693 0.09875098405
0.006897450844 0.09875098405
-0.001818682903 0.0981813171
-0.01031689373 0.08968310627
-0.01856305112 0.08143694888
-0.02652401925 0.07347598075
-0.03416778784 0.06583221216
-0.04146359846 0.05853640154
-0.04838206589 0.05161793411
-0.05489529411 0.04510470589
-0.06097698642 0.03902301358
-0.06660254916 0.03339745084
-0.07174918883 0.02825081117
-0.07639600201 0.02360399799
-0.08052405787 0.01947594213
-0.08411647288 0.01588352712
-0.08715847744 0.01284152256
-0.08963747417 0.01036252583
-0.09154308761 0.008456912391
-0.0928672052 0.007132794803
-0.09360400926 0.006395990736
-0.09375 0.006249015945
-0.09330400926 0.006249015945
-0.0922672052 0.006249015945
-0.09064308761 0.006249015945
-0.08843747417 0.006249015945
-0.08565847744 0.006249015945
-0.08231647288 0.006249015945
-0.07842405787 0.006249015945
-0.07399600201 0.006249015945
-0.06904918883 0.006249015945
-0.06360254916 0.006249015945
-0.05767698642 0.006249015945
-0.05129529411 0.006249015945
-0.04448206589 0.006249015945
-0.03726359846 0.006249015945
-0.02966778784 0.006249015945
-0.02172401925 0.006249015945
-0.01346305112 0.006249015945
-0.004916893735 0.006249015945
0.003881317097 0.006249015945
0.01289745084 0.006249015945
0.02209651693 0.006249015945
0.03144280281 0.006249015945
0.04090001497 0.006249015945
0.05043142207 0.006249015945
0.06 0.006249015945
0.06956857793 0.006249015945
0.07909998503 0.006249015945
0.08855719719 0.006249015945
0.09790348307 0.006249015945
0.1071025492 0.007102549156
0.1161186829 0.0161186829
0.1249168937 0.02491689373
0.1334630511 0.03346305112
0.1417240192 0.04172401925
0.1496677878 0.04966778784
0.1572635985 0.05726359846
0.1644820659 0.06448206589
0.1712952941 0.07129529411
0.1776769864 0.07767698642
0.1836025492 0.08360254916
0.1890491888 0.08904918883
0.193996002 0.09399600201
0.1984240579 0.09842405787
0.2023164729 0.1023164729
0.2056584774 0.1056584774
0.2084374742 0.1084374742
0.2106430876 0.1106430876
0.2122672052 0.1122672052
0.2133040093 0.1133040093
0.21375 0.11375
0.2136040093 0.1137509841
0.2128672052 0.1137509841
0.2115430876 0.1137509841
0.2096374742 0.1137509841
0.2071584774 0.1137509841
0.2041164729 0.1137509841
0.2005240579 0.1137509841
0.196396002 0.1137509841
0.1917491888 0.1137509841
0.1866025492 0.1137509841
0.1809769864 0.1137509841
0.1748952941 0.1137509841
0.1683820659 0.1137509841
0.1614635985 0.1137509841
0.1541677878 0.1137509841
0.1465240192 0.1137509841
0.1385630511 0.1137509841
0.1303168937 0.1137509841
0.1218186829 0.1137509841
0.1131025492 0.1137509841
0.1042034831 0.1137509841
0.09515719719 0.1137509841
0.08599998503 0.1137509841
0.07676857793 0.1137509841
0.0675 0.1137509841
0.05823142207 0.1137509841
0.04900001497 0.1137509841
0.03984280281 0.1137509841
0.03079651693 0.1137509841
0.02189745084 0.1137509841
0.0131813171 0.1131813171
0.004683106265 0.1046831063
-0.003563051115 0.09643694888
-0.01152401925 0.08847598075
-0.01916778784 0.08083221216
-0.02646359846 0.07353640154
-0.03338206589 0.06661793411
-0.03989529411 0.06010470589
-0.04597698642 0.05402301358
-0.05160254916 0.04839745084
-0.05674918883 0.04325081117
-0.06139600201 0.03860399799
-0.06552405787 0.03447594213
-0.06911647288 0.03088352712
-0.07215847744 0.02784152256
-0.07463747417 0.02536252583
-0.07654308761 0.02345691239
-0.0778672052 0.0221327948
-0.07860400926 0.02139599074
-0.07875 0.02124901595
-0.07830400926 0.02124901595
-0.0772672052 0.02124901595
-0.07564308761 0.02124901595
-0.07343747417 0.02124901595
-0.07065847744 0.02124901595
-0.06731647288 0.02124901595
-0.06342405787 0.02124901595
-0.05899600201 0.02124901595
-0.05404918883 0.02124901595
-0.04860254916 0.02124901595
-0.04267698642 0.02124901595
-0.03629529411 0.02124901595
-0.02948206589 0.02124901595
-0.02226359846 0.02124901595
-0.01466778784 0.02124901595
-0.006724019247 0.02124901595
0.001536948885 0.02124901595
0.01008310627 0.02124901595
0.0188813171 0.02124901595
0.02789745084 0.02124901595
0.03709651693 0.02124901595
0.04644280281 0.02124901595
0.05590001497 0.02124901595
0.06543142207 0.02124901595
0.075 0.02124901595
0.08456857793 0.02124901595
0.09409998503 0.02124901595
0.1035571972 0.02124901595
0.1129034831 0.02124901595
0.1221025492 0.02210254916
0.1311186829 0.0311186829
0.1399168937 0.03991689373
0.1484630511 0.04846305112
0.1567240192 0.05672401925
0.1646677878 0.06466778784
0.1722635985 0.07226359846
0.1794820659 0.07948206589
0.1862952941 0.08629529411
0.1926769864 0.09267698642
0.1986025492 0.09860254916
0.2040491888 0.1040491888
0.208996002 0.108996002
0.2134240579 0.1134240579
0.2173164729 0.1173164729
0.2206584774 0.1206584774
0.2234374742 0.1234374742
0.2256430876 0.1256430876
0.2272672052 0.1272672052
0.2283040093 0.1283040093
0.22875 0.12875
0.2286040093 0.1287509841
0.2278672052 0.1287509841
0.2265430876 0.1287509841
0.2246374742 0.1287509841
0.2221584774 0.1287509841
0.2191164729 0.1287509841
0.2155240579 0.1287509841
0.211396002 0.1287509841
0.2067491888 0.1287509841
0.2016025492 0.1287509841
0.1959769864 0.1287509841
0.1898952941 0.1287509841
0.1833820659 0.1287509841
0.1764635985 0.1287509841
0.1691677878 0.1287509841
0.1615240192 0.1287509841
0.1535630511 0.1287509841
0.1453168937 0.1287509841
0.1368186829 0.1287509841
0.1281025492 0.1287509841
0.1192034831 0.1287509841
0.1101571972 0.1287509841
0.100999985 0.1287509841
0.09176857793 0.1287509841
0.0825 0.1287509841
0.07323142207 0.1287509841
0.06400001497 0.1287509841
0.05484280281 0.1287509841
0.04579651693 0.1287509841
0.03689745084 0.1287509841
0.0281813171 0.1281813171
0.01968310627 0.1196831063
0.01143694888 0.1114369489
0.003475980753 0.1034759808
-0.004167787844 0.09583221216
-0.01146359846 0.08853640154
-0.01838206589 0.08161793411
-0.02489529411 0.07510470589
-0.03097698642 0.06902301358
-0.03660254916 0.06339745084
-0.04174918883 0.05825081117
-0.04639600201 0.05360399799
-0.05052405787 0.04947594213
-0.05411647288 0.04588352712
-0.05715847744 0.04284152256
-0.05963747417 0.04036252583
-0.06154308761 0.03845691239
-0.0628672052 0.0371327948
-0.06360400926 0.03639599074
-0.06375 0.03624901595
-0.06330400926 0.03624901595
-0.0622672052 0.03624901595
-0.06064308761 0.03624901595
-0.05843747417 0.03624901595
-0.05565847744 0.03624901595
-0.05231647288 0.03624901595
-0.04842405787 0.03624901595
-0.04399600201 0.03624901595
-0.03904918883 0.03624901595
-0.03360254916 0.03624901595
-0.02767698642 0.03624901595
-0.02129529411 0.03624901595
-0.01448206589 0.03624901595
-0.007263598462 0.03624901595
0.0003322121561 0.03624901595
0.008275980753 0.03624901595
0.01653694888 0.03624901595
0.02508310627 0.03624901595
0.0338813171 0.03624901595
0.04289745084 0.03624901595
0.05209651693 0.03624901595
0.06144280281 0.03624901595
0.07090001497 0.03624901595
0.08043142207 0.03624901595
0.09 0.03624901595
0.09956857793 0.03624901595
0.109099985 0.03624901595
0.1185571972 0.03624901595
0.1279034831 0.03624901595
0.1371025492 0.03710254916
0.1461186829 0.0461186829
0.1549168937 0.05491689373
0.1634630511 0.06346305112
0.1717240192 0.07172401925
0.1796677878 0.07966778784
0.1872635985 0.08726359846
0.1944820659 0.09448206589
0.2012952941 0.1012952941
0.2076769864 0.1076769864
0.2136025492 0.1136025492
0.2190491888 0.1190491888
0.223996002 0.123996002
0.2284240579 0.1284240579
0.2323164729 0.1323164729
0.2356584774 0.1356584774
0.2384374742 0.1384374742
0.2406430876 0.1406430876
0.2422672052 0.1422672052
0.2433040093 0.1433040093
0.24375 0.14375
0.2436040093 0.1437509841
0.2428672052 0.1437509841
0.2415430876 0.1437509841
0.2396374742 0.1437509841
0.2371584774 0.1437509841
0.2341164729 0.1437509841
0.2305240579 0.1437509841
0.226396002 0.1437509841
0.2217491888 0.1437509841
0.2166025492 0.1437509841
0.2109769864 0.1437509841
0.2048952941 0.1437509841
0.1983820659 0.1437509841
0.1914635985 0.1437509841
0.1841677878 0.1437509841
0.1765240192 0.1437509841
0.1685630511 0.1437509841
0.1603168937 0.1437509841
0.1518186829 0.1437509841
0.1431025492 0.1437509841
0.1342034831 0.1437509841
0.1251571972 0.1437509841
0.115999985 0.1437509841
0.1067685779 0.1437509841
0.0975 0.1437509841
0.08823142207 0.1437509841
0.07900001497 0.1437509841
0.06984280281 0.1437509841
0.06079651693 0.1437509841
0.05189745084 0.1437509841
0.0431813171 0.1431813171
0.03468310627 0.1346831063
0.02643694888 0.1264369489
0.01847598075 0.1184759808
0.01083221216 0.1108322122
0.003536401538 0.1035364015
-0.003382065889 0.09661793411
-0.009895294113 0.09010470589
-0.01597698642 0.08402301358
-0.02160254916 0.07839745084
-0.02674918883 0.07325081117
-0.03139600201 0.06860399799
-0.03552405787 0.06447594213
-0.03911647288 0.06088352712
-0.04215847744 0.05784152256
-0.04463747417 0.05536252583
-0.04654308761 0.05345691239
-0.0478672052 0.0521327948
-0.04860400926 0.05139599074
-0.04875 0.05124901595
-0.04830400926 0.05124901595
-0.0472672052 0.05124901595
-0.04564308761 0.05124901595
-0.04343747417 0.05124901595
-0.04065847744 0.05124901595
-0.03731647288 0.05124901595
-0.03342405787 0.05124901595
-0.02899600201 0.05124901595
-0.02404918883 0.05124901595
-0.01860254916 0.05124901595
-0.01267698642 0.05124901595
-0.006295294113 0.05124901595
0.0005179341107 0.05124901595
0.007736401538 0.05124901595
0.01533221216 0.05124901595
0.02327598075 0.05124901595
0.03153694888 0.05124901595
0.04008310627 0.05124901595
0.0488813171 0.05124901595
0.05789745084 0.05124901595
0.06709651693 0.05124901595
0.07644280281 0.05124901595
0.08590001497 0.05124901595
0.09543142207 0.05124901595
0.105 0.05124901595
0.1145685779 0.05124901595
0.124099985 0.05124901595
0.1335571972 0.05124901595
0.1429034831 0.05124901595
0.1521025492 0.05210254916
0.1611186829 0.0611186829
0.1699168937 0.06991689373
0.1784630511 0.07846305112
0.1867240192 0.08672401925
0.1946677878 0.09466778784
0.2022635985 0.1022635985
0.2094820659 0.1094820659
0.2162952941 0.1162952941
0.2226769864 0.1226769864
0.2286025492 0.1286025492
0.2340491888 0.1340491888
0.238996002 0.138996002
0.2434240579 0.1434240579
0.2473164729 0.1473164729
0.2506584774 0.1506584774
0.2534374742 0.1534374742
0.2556430876 0.1556430876
0.2572672052 0.1572672052
0.2583040093 0.1583040093
0.25875 0.15875
0.2586040093 0.1587509841
0.2578672052 0.1587509841
0.2565430876 0.1587509841
0.2546374742 0.1587509841
0.2521584774 0.1587509841
0.2491164729 0.1587509841
0.2455240579 0.1587509841
0.241396002 0.1587509841
0.2367491888 0.1587509841
0.2316025492 0.1587509841
0.2259769864 0.1587509841
0.2198952941 0.1587509841
0.2133820659 0.1587509841
0.2064635985 0.1587509841
0.1991677878 0.1587509841
0.1915240192 0.1587509841
0.1835630511 0.1587509841
0.1753168937 0.1587509841
0.1668186829 0.1587509841
0.1581025492 0.1587509841
0.1492034831 0.1587509841
0.1401571972 0.1587509841
0.130999985 0.1587509841
0.1217685779 0.1587509841
0.1125 0.1587509841
0.1032314221 0.1587509841
0.09400001497 0.1587509841
0.08484280281 0.1587509841
0.07579651693 0.1587509841
0.06689745084 0.1587509841
0.0581813171 0.1581813171
0.04968310627 0.1496831063
0.04143694888 0.1414369489
0.03347598075 0.1334759808
0.02583221216 0.1258322122
0.01853640154 0.1185364015
0.01161793411 0.1116179341
0.005104705887 0.1051047059
-0.0009769864164 0.09902301358
-0.006602549156 0.09339745084
-0.01174918883 0.08825081117
-0.01639600201 0.08360399799
-0.02052405787 0.07947594213
-0.02411647288 0.07588352712
-0.02715847744 0.07284152256
-0.02963747417 0.07036252583
-0.03154308761 0.06845691239
-0.0328672052 0.0671327948
-0.03360400926 0.06639599074
-0.03375 0.06624901595
-0.03330400926 0.06624901595
-0.0322672052 0.06624901595
-0.03064308761 0.06624901595
-0.02843747417 0.06624901595
-0.02565847744 0.06624901595
-0.02231647288 0.06624901595
-0.01842405787 0.06624901595
-0.01399600201 0.06624901595
-0.009049188825 0.06624901595
-0.003602549156 0.06624901595
0.002323013584 0.06624901595
0.008704705887 0.06624901595
0.01551793411 0.06624901595
0.02273640154 0.06624901595
0.03033221216 0.06624901595
0.03827598075 0.06624901595
0.04653694888 0.06624901595
0.05508310627 0.06624901595
0.0638813171 0.06624901595
0.07289745084 0.06624901595
0.08209651693 0.06624901595
0.09144280281 0.06624901595
0.100900015 0.06624901595
0.1104314221 0.06624901595
0.12 0.06624901595
0.1295685779 0.06624901595
0.139099985 0.06624901595
0.1485571972 0.06624901595
0.1579034831 0.06624901595
0.1671025492 0.06710254916
0.1761186829 0.0761186829
0.1849168937 0.08491689373
0.1934630511 0.09346305112
0.2017240192 0.1017240192
0.2096677878 0.1096677878
0.2172635985 0.1172635985
0.2244820659 0.1244820659
0.2312952941 0.1312952941
0.2376769864 0.1376769864
0.2436025492 0.1436025492
0.2490491888 0.1490491888
0.253996002 0.153996002
0.2584240579 0.1584240579
0.2623164729 0.1623164729
0.2656584774 0.1656584774
0.2684374742 0.1684374742
0.2706430876 0.1706430876
0.2722672052 0.1722672052
0.2733040093 0.1733040093
0.27375 0.17375
0.2736040093 0.1737509841
0.2728672052 0.1737509841
0.2715430876 0.1737509841
0.2696374742 0.1737509841
0.2671584774 0.1737509841
0.2641164729 0.1737509841
0.2605240579 0.1737509841
0.256396002 0.1737509841
0.2517491888 0.1737509841
0.2466025492 0.1737509841
0.2409769864 0.1737509841
0.2348952941 0.1737509841
0.2283820659 0.1737509841
0.2214635985 0.1737509841
0.2141677878 0.1737509841
0.2065240192 0.1737509841
0.1985630511 0.1737509841
0.1903168937 0.1737509841
0.1818186829 0.1737509841
0.1731025492 0.1737509841
0.1642034831 0.1737509841
0.1551571972 0.1737509841
0.145999985 0.1737509841
0.1367685779 0.1737509841
0.1275 0.1737509841
0.1182314221 0.1737509841
0.109000015 0.1737509841
0.09984280281 0.1737509841
0.09079651693 0.1737509841
0.08189745084 0.1737509841
0.0731813171 0.1731813171
0.06468310627 0.1646831063
0.05643694888 0.1564369489
0.04847598075 0.1484759808
0.04083221216 0.1408322122
0.03353640154 0.1335364015
0.02661793411 0.1266179341
0.02010470589 0.1201047059
0.01402301358 0.1140230136
0.008397450844 0.1083974508
0.003250811175 0.1032508112
-0.001396002007 0.09860399799
-0.00552405787 0.09447594213
-0.009116472883 0.09088352712
-0.01215847744 0.08784152256
-0.01463747417 0.08536252583
-0.01654308761 0.08345691239
-0.0178672052 0.0821327948
-0.01860400926 0.08139599074
-0.01875 0.08124901595
-0.01830400926 0.08124901595
-0.0172672052 0.08124901595
-0.01564308761 0.08124901595
-0.01343747417 0.08124901595
-0.01065847744 0.08124901595
-0.007316472883 0.08124901595
-0.00342405787 0.08124901595
0.001003997993 0.08124901595
0.005950811175 0.08124901595
0.01139745084 0.08124901595
0.01732301358 0.08124901595
0.02370470589 0.08124901595
0.03051793411 0.08124901595
0.03773640154 0.08124901595
0.04533221216 0.08124901595
0.05327598075 0.08124901595
0.06153694888 0.08124901595
0.07008310627 0.08124901595
0.0788813171 0.08124901595
0.08789745084 0.08124901595
0.09709651693 0.08124901595
0.1064428028 0.08124901595
0.115900015 0.08124901595
0.1254314221 0.08124901595
0.135 0.08124901595
0.1445685779 0.08124901595
0.154099985 0.08124901595
0.1635571972 0.08124901595
0.1729034831 0.08124901595
0.1821025492 0.08210254916
0.1911186829 0.0911186829
0.1999168937 0.09991689373
0.2084630511 0.1084630511
0.2167240192 0.1167240192
0.2246677878 0.1246677878
0.2322635985 0.1322635985
0.2394820659 0.1394820659
0.2462952941 0.1462952941
0.2526769864 0.1526769864
0.2586025492 0.1586025492
0.2640491888 0.1640491888
0.268996002 0.168996002
0.2734240579 0.1734240579
0.2773164729 0.1773164729
0.2806584774 0.1806584774
0.2834374742 0.1834374742
0.2856430876 0.1856430876
0.2872672052 0.1872672052
0.2883040093 0.1883040093
0.28875 0.18875
0.2886040093 0.1887509841
0.2878672052 0.1887509841
0.2865430876 0.1887509841
0.2846374742 0.1887509841
0.2821584774 0.1887509841
0.2791164729 0.1887509841
0.2755240579 0.1887509841
0.271396002 0.1887509841
0.2667491888 0.1887509841
0.2616025492 0.1887509841
0.2559769864 0.1887509841
0.2498952941 0.1887509841
0.2433820659 0.1887509841
0.2364635985 0.1887509841
0.2291677878 0.1887509841
0.2215240192 0.1887509841
0.2135630511 0.1887509841
0.2053168937 0.1887509841
0.1968186829 0.1887509841
0.1881025492 0.1887509841
0.1792034831 0.1887509841
0.1701571972 0.1887509841
0.160999985 0.1887509841
0.1517685779 0.1887509841
0.1425 0.1887509841
0.1332314221 0.1887509841
0.124000015 0.1887509841
0.1148428028 0.1887509841
0.1057965169 0.1887509841
0.09689745084 0.1887509841
0.0881813171 0.1881813171
0.07968310627 0.1796831063
0.07143694888 0.1714369489
0.06347598075 0.1634759808
0.05583221216 0.1558322122
0.04853640154 0.1485364015
0.04161793411 0.1416179341
0.03510470589 0.1351047059
0.02902301358 0.1290230136
0.02339745084 0.1233974508
0.01825081117 0.1182508112
0.01360399799 0.113603998
0.00947594213 0.1094759421
0.005883527117 0.1058835271
0.002841522556 0.1028415226
0.0003625258307 0.1003625258
-0.001543087609 0.09845691239
-0.002867205197 0.0971327948
-0.003604009264 0.09639599074
-0.00375 0.09624901595
-0.003304009264 0.09624901595
-0.002267205197 0.09624901595
-0.0006430876093 0.09624901595
0.001562525831 0.09624901595
0.004341522556 0.09624901595
0.007683527117 0.09624901595
0.01157594213 0.09624901595
0.01600399799 0.09624901595
0.02095081117 0.09624901595
0.02639745084 0.09624901595
0.03232301358 0.09624901595
0.03870470589 0.09624901595
0.04551793411 0.09624901595
0.05273640154 0.09624901595
0.06033221216 0.09624901595
0.06827598075 0.09624901595
0.07653694888 0.09624901595
0.08508310627 0.09624901595
0.0938813171 0.09624901595
0.1028974508 0.09624901595
0.1120965169 0.09624901595
0.1214428028 0.09624901595
0.130900015 0.09624901595
0.1404314221 0.09624901595
0.15 0.09624901595
0.1595685779 0.09624901595
0.169099985 0.09624901595
0.1785571972 0.09624901595
0.1879034831 0.09624901595
0.1971025492 0.09710254916
0.2061186829 0.1061186829
0.2149168937 0.1149168937
0.2234630511 0.1234630511
0.2317240192 0.1317240192
0.2396677878 0.1396677878
0.2472635985 0.1472635985
0.2544820659 0.1544820659
0.2612952941 0.1612952941
0.2676769864 0.1676769864
0.2736025492 0.1736025492
0.2790491888 0.1790491888
0.283996002 0.183996002
0.2884240579 0.1884240579
0.2923164729 0.1923164729
0.2956584774 0.1956584774
0.2984374742 0.1984374742
0.3006430876 0.2006430876
0.3022672052 0.2022672052
0.3033040093 0.2033040093
0.30375 0.20375
0.3036040093 0.2037509841
0.3028672052 0.2037509841
0.3015430876 0.2037509841
0.2996374742 0.2037509841
0.2971584774 0.2037509841
0.2941164729 0.2037509841
0.2905240579 0.2037509841
0.286396002 0.2037509841
0.2817491888 0.2037509841
0.2766025492 0.2037509841
0.2709769864 0.2037509841
0.2648952941 0.2037509841
0.2583820659 0.2037509841
0.2514635985 0.2037509841
0.2441677878 0.2037509841
0.2365240192 0.2037509841
0.2285630511 0.2037509841
0.2203168937 0.2037509841
0.2118186829 0.2037509841
0.2031025492 0.2037509841
0.1942034831 0.2037509841
0.1851571972 0.2037509841
0.175999985 0.2037509841
0.1667685779 0.2037509841
0.1575 0.2037509841
0.1482314221 0.2037509841
0.139000015 0.2037509841
0.1298428028 0.2037509841
0.1207965169 0.2037509841
0.1118974508 0.2037509841
0.1031813171 0.2031813171
0.09468310627 0.1946831063
0.08643694888 0.1864369489
0.07847598075 0.1784759808
0.07083221216 0.1708322122
0.06353640154 0.1635364015
0.05661793411 0.1566179341
0.05010470589 0.1501047059
0.04402301358 0.1440230136
0.03839745084 0.1383974508
0.03325081117 0.1332508112
0.02860399799 0.128603998
0.02447594213 0.1244759421
0.02088352712 0.1208835271
0.01784152256 0.1178415226
0.01536252583 0.1153625258
0.01345691239 0.1134569124
0.0121327948 0.1121327948
0.01139599074 0.1113959907
0.01125 0.1112490159
0.01169599074 0.1112490159
0.0127327948 0.1112490159
0.01435691239 0.1112490159
0.01656252583 0.1112490159
0.01934152256 0.1112490159
0.02268352712 0.1112490159
0.02657594213 0.1112490159
0.03100399799 0.1112490159
0.03595081117 0.1112490159
0.04139745084 0.1112490159
0.04732301358 0.1112490159
0.05370470589 0.1112490159
0.06051793411 0.1112490159
0.06773640154 0.1112490159
0.07533221216 0.1112490159
0.08327598075 0.1112490159
0.09153694888 0.1112490159
0.1000831063 0.1112490159
0.1088813171 0.1112490159
0.1178974508 0.1112490159
0.1270965169 0.1112490159
0.1364428028 0.1112490159
0.145900015 0.1112490159
0.1554314221 0.1112490159
0.165 0.1112490159
0.1745685779 0.1112490159
0.184099985 0.1112490159
0.1935571972 0.1112490159
0.2029034831 0.1112490159
0.2121025492 0.1121025492
0.2211186829 0.1211186829
0.2299168937 0.1299168937
0.2384630511 0.1384630511
0.2467240192 0.1467240192
0.2546677878 0.1546677878
0.2622635985 0.1622635985
0.2694820659 0.1694820659
0.2762952941 0.1762952941
0.2826769864 0.1826769864
0.2886025492 0.1886025492
0.2940491888 0.1940491888
0.298996002 0.198996002
0.3034240579 0.2034240579
0.3073164729 0.2073164729
0.3106584774 0.2106584774
0.3134374742 0.2134374742
0.3156430876 0.2156430876
0.3172672052 0.2172672052
0.3183040093 0.2183040093
0.31875 0.21875
0.3186040093 0.2187509841
0.3178672052 0.2187509841
0.3165430876 0.2187509841
0.3146374742 0.2187509841
0.3121584774 0.2187509841
0.3091164729 0.2187509841
0.3055240579 0.2187509841
0.301396002 0.2187509841
0.2967491888 0.2187509841
0.2916025492 0.2187509841
0.2859769864 0.2187509841
0.2798952941 0.2187509841
0.2733820659 0.2187509841
0.2664635985 0.2187509841
0.2591677878 0.2187509841
0.2515240192 0.2187509841
0.2435630511 0.2187509841
0.2353168937 0.2187509841
0.2268186829 0.2187509841
0.2181025492 0.2187509841
0.2092034831 0.2187509841
0.2001571972 0.2187509841
0.190999985 0.2187509841
0.1817685779 0.2187509841
0.1725 0.2187509841
0.1632314221 0.2187509841
0.154000015 0.2187509841
0.1448428028 0.2187509841
0.1357965169 0.2187509841
0.1268974508 0.2187509841
0.1181813171 0.2181813171
0.1096831063 0.2096831063
0.1014369489 0.2014369489
0.09347598075 0.1934759808
0.08583221216 0.1858322122
0.07853640154 0.1785364015
0.07161793411 0.1716179341
0.06510470589 0.1651047059
0.05902301358 0.1590230136
0.05339745084 0.1533974508
0.04825081117 0.1482508112
0.04360399799 0.143603998
0.03947594213 0.1394759421
0.03588352712 0.1358835271
0.03284152256 0.1328415226
0.03036252583 0.1303625258
0.02845691239 0.1284569124
0.0271327948 0.1271327948
0.02639599074 0.1263959907
0.02625 0.1262490159
0.02669599074 0.1262490159
0.0277327948 0.1262490159
0.02935691239 0.1262490159
0.03156252583 0.1262490159
0.03434152256 0.1262490159
0.03768352712 0.1262490159
0.04157594213 0.1262490159
0.04600399799 0.1262490159
0.05095081117 0.1262490159
0.05639745084 0.1262490159
0.06232301358 0.1262490159
0.06870470589 0.1262490159
0.07551793411 0.1262490159
0.08273640154 0.1262490159
0.09033221216 0.1262490159
0.09827598075 0.1262490159
0.1065369489 0.1262490159
0.1150831063 0.1262490159
0.1238813171 0.1262490159
0.1328974508 0.1262490159
0.1420965169 0.1262490159
0.1514428028 0.1262490159
0.160900015 0.1262490159
0.1704314221 0.1262490159
0.18 0.1262490159
0.1895685779 0.1262490159
0.199099985 0.1262490159
0.2085571972 0.1262490159
0.2179034831 0.1262490159
0.2271025492 0.1271025492
0.2361186829 0.1361186829
0.2449168937 0.1449168937
0.2534630511 0.1534630511
0.2617240192 0.1617240192
0.2696677878 0.1696677878
0.2772635985 0.1772635985
0.2844820659 0.1844820659
0.2912952941 0.1912952941
0.2976769864 0.1976769864
0.3036025492 0.2036025492
0.3090491888 0.2090491888
0.313996002 0.213996002
0.3184240579 0.2184240579
0.3223164729 0.2223164729
0.3256584774 0.2256584774
0.3284374742 0.2284374742
0.3306430876 0.2306430876
0.3322672052 0.2322672052
0.3333040093 0.2333040093
0.33375 0.23375
0.3336040093 0.2337509841
0.3328672052 0.2337509841
0.3315430876 0.2337509841
0.3296374742 0.2337509841
0.3271584774 0.2337509841
0.3241164729 0.2337509841
0.3205240579 0.2337509841
0.316396002 0.2337509841
0.3117491888 0.2337509841
0.3066025492 0.2337509841
0.3009769864 0.2337509841
0.2948952941 0.2337509841
0.2883820659 0.2337509841
0.2814635985 0.2337509841
0.2741677878 0.2337509841
0.2665240192 0.2337509841
0.2585630511 0.2337509841
0.2503168937 0.2337509841
0.2418186829 0.2337509841
0.2331025492 0.2337509841
0.2242034831 0.2337509841
0.2151571972 0.2337509841
0.205999985 0.2337509841
0.1967685779 0.2337509841
0.1875 0.2337509841
0.1782314221 0.2337509841
0.169000015 0.2337509841
0.1598428028 0.2337509841
0.1507965169 0.2337509841
0.1418974508 0.2337509841
0.1331813171 0.2331813171
0.1246831063 0.2246831063
0.1164369489 0.2164369489
0.1084759808 0.2084759808
0.1008322122 0.2008322122
0.09353640154 0.1935364015
0.08661793411 0.1866179341
0.08010470589 0.1801047059
0.07402301358 0.1740230136
0.06839745084 0.1683974508
0.06325081117 0.1632508112
0.05860399799 0.158603998
0.05447594213 0.1544759421
0.05088352712 0.1508835271
0.04784152256 0.1478415226
0.04536252583 0.1453625258
0.04345691239 0.1434569124
0.0421327948 0.1421327948
0.04139599074 0.1413959907
0.04125 0.1412490159
0.04169599074 0.1412490159
0.0427327948 0.1412490159
0.04435691239 0.1412490159
0.04656252583 0.1412490159
0.04934152256 0.1412490159
0.05268352712 0.1412490159
0.05657594213 0.1412490159
0.06100399799 0.1412490159
0.06595081117 0.1412490159
0.07139745084 0.1412490159
0.07732301358 0.1412490159
0.08370470589 0.1412490159
0.09051793411 0.1412490159
0.09773640154 0.1412490159
0.1053322122 0.1412490159
0.1132759808 0.1412490159
0.1215369489 0.1412490159
0.1300831063 0.1412490159
0.1388813171 0.1412490159
0.1478974508 0.1412490159
0.1570965169 0.1412490159
0.1664428028 0.1412490159
0.175900015 0.1412490159
0.1854314221 0.1412490159
0.195 0.1412490159
0.2045685779 0.1412490159
0.214099985 0.1412490159
0.2235571972 0.1412490159
0.2329034831 0.1412490159
0.2421025492 0.1421025492
0.2511186829 0.1511186829
0.2599168937 0.1599168937
0.2684630511 0.1684630511
0.2767240192 0.1767240192
0.2846677878 0.1846677878
0.2922635985 0.1922635985
0.2994820659 0.1994820659
0.3062952941 0.2062952941
0.3126769864 0.2126769864
0.3186025492 0.2186025492
0.3240491888 0.2240491888
0.328996002 0.228996002
0.3334240579 0.2334240579
0.3373164729 0.2373164729
0.3406584774 0.2406584774
0.3434374742 0.2434374742
0.3456430876 0.2456430876
0.3472672052 0.2472672052
0.3483040093 0.2483040093
0.34875 0.24875
0.3486040093 0.2487509841
0.3478672052 0.2487509841
0.3465430876 0.2487509841
0.3446374742 0.2487509841
0.3421584774 0.2487509841
0.3391164729 0.2487509841
0.3355240579 0.2487509841
0.331396002 0.2487509841
0.3267491888 0.2487509841
0.3216025492 0.2487509841
0.3159769864 0.2487509841
0.3098952941 0.2487509841
0.3033820659 0.2487509841
0.2964635985 0.2487509841
0.2891677878 0.2487509841
0.2815240192 0.2487509841
0.2735630511 0.2487509841
0.2653168937 0.2487509841
0.2568186829 0.2487509841
0.2481025492 0.2487509841
0.2392034831 0.2487509841
0.2301571972 0.2487509841
0.220999985 0.2487509841
0.2117685779 0.2487509841
0.2025 0.2487509841
0.1932314221 0.2487509841
0.184000015 0.2487509841
0.1748428028 0.2487509841
0.1657965169 0.2487509841
0.1568974508 0.2487509841
0.1481813171 0.2481813171
0.1396831063 0.2396831063
0.1314369489 0.2314369489
0.1234759808 0.2234759808
0.1158322122 0.2158322122
0.1085364015 0.2085364015
0.1016179341 0.2016179341
0.09510470589 0.1951047059
0.08902301358 0.1890230136
0.08339745084 0.1833974508
0.07825081117 0.1782508112
0.07360399799 0.173603998
0.06947594213 0.1694759421
0.06588352712 0.1658835271
0.06284152256 0.1628415226
0.06036252583 0.1603625258
0.05845691239 0.1584569124
0.0571327948 0.1571327948
0.05639599074 0.1563959907
0.05625 0.1562490159
0.05669599074 0.1562490159
0.0577327948 0.1562490159
0.05935691239 0.1562490159
0.06156252583 0.1562490159
0.06434152256 0.1562490159
0.06768352712 0.1562490159
0.07157594213 0.1562490159
0.07600399799 0.1562490159
0.08095081117 0.1562490159
0.08639745084 0.1562490159
0.09232301358 0.1562490159
0.09870470589 0.1562490159
0.1055179341 0.1562490159
0.1127364015 0.1562490159
0.1203322122 0.1562490159
0.1282759808 0.1562490159
0.1365369489 0.1562490159
0.1450831063 0.1562490159
0.1538813171 0.1562490159
0.1628974508 0.1562490159
0.1720965169 0.1562490159
0.1814428028 0.1562490159
0.190900015 0.1562490159
0.2004314221 0.1562490159
0.21 0.1562490159
0.2195685779 0.1562490159
0.229099985 0.1562490159
0.2385571972 0.1562490159
0.2479034831 0.1562490159
0.2571025492 0.1571025492
0.2661186829 0.1661186829
0.2749168937 0.1749168937
0.2834630511 0.1834630511
0.2917240192 0.1917240192
0.2996677878 0.1996677878
0.3072635985 0.2072635985
0.3144820659 0.2144820659
0.3212952941 0.2212952941
0.3276769864 0.2276769864
0.3336025492 0.2336025492
0.3390491888 0.2390491888
0.343996002 0.243996002
0.3484240579 0.2484240579
0.3523164729 0.2523164729
0.3556584774 0.2556584774
0.3584374742 0.2584374742
0.3606430876 0.2606430876
0.3622672052 0.2622672052
0.3633040093 0.2633040093
0.36375 0.26375
0.3636040093 0.2637509841
0.3628672052 0.2637509841
0.3615430876 0.2637509841
0.3596374742 0.2637509841
0.3571584774 0.2637509841
0.3541164729 0.2637509841
0.3505240579 0.2637509841
0.346396002 0.2637509841
0.3417491888 0.2637509841
0.3366025492 0.2637509841
0.3309769864 0.2637509841
0.3248952941 0.2637509841
0.3183820659 0.2637509841
0.3114635985 0.2637509841
0.3041677878 0.2637509841
0.2965240192 0.2637509841
0.2885630511 0.2637509841
0.2803168937 0.2637509841
0.2718186829 0.2637509841
0.2631025492 0.2637509841
0.2542034831 0.2637509841
0.2451571972 0.2637509841
0.235999985 0.2637509841
0.2267685779 0.2637509841
0.2175 0.2637509841
0.2082314221 0.2637509841
0.199000015 0.2637509841
0.1898428028 0.2637509841
0.1807965169 0.2637509841
0.1718974508 0.2637509841
0.1631813171 0.2631813171
0.1546831063 0.2546831063
0.1464369489 0.2464369489
0.1384759808 0.2384759808
0.1308322122 0.2308322122
0.1235364015 0.2235364015
0.1166179341 0.2166179341
0.1101047059 0.2101047059
0.1040230136 0.2040230136
0.09839745084 0.1983974508
0.09325081117 0.1932508112
0.08860399799 0.188603998
0.08447594213 0.1844759421
0.08088352712 0.1808835271
0.07784152256 0.1778415226
0.07536252583 0.1753625258
0.07345691239 0.1734569124
0.0721327948 0.1721327948
0.07139599074 0.1713959907
0.07125 0.1712490159
0.07169599074 0.1712490159
0.0727327948 0.1712490159
0.07435691239 0.1712490159
0.07656252583 0.1712490159
0.07934152256 0.1712490159
0.08268352712 0.1712490159
0.08657594213 0.1712490159
0.09100399799 0.1712490159
0.09595081117 0.1712490159
0.1013974508 0.1712490159
0.1073230136 0.1712490159
0.1137047059 0.1712490159
0.1205179341 0.1712490159
0.1277364015 0.1712490159
0.1353322122 0.1712490159
0.1432759808 0.1712490159
0.1515369489 0.1712490159
0.1600831063 0.1712490159
0.1688813171 0.1712490159
0.1778974508 0.1712490159
0.1870965169 0.1712490159
0.1964428028 0.1712490159
0.205900015 0.1712490159
0.2154314221 0.1712490159
0.225 0.1712490159
0.2345685779 0.1712490159
0.244099985 0.1712490159
0.2535571972 0.1712490159
0.2629034831 0.1712490159
0.2721025492 0.1721025492
0.2811186829 0.1811186829
0.2899168937 0.1899168937
0.2984630511 0.1984630511
0.3067240192 0.2067240192
0.3146677878 0.2146677878
0.3222635985 0.2222635985
0.3294820659 0.2294820659
0.3362952941 0.2362952941
0.3426769864 0.2426769864
0.3486025492 0.2486025492
0.3540491888 0.2540491888
0.358996002 0.258996002
0.3634240579 0.2634240579
0.3673164729 0.2673164729
0.3706584774 0.2706584774
0.3734374742 0.2734374742
0.3756430876 0.2756430876
0.3772672052 0.2772672052
0.3783040093 0.2783040093
0.37875 0.27875
0.3786040093 0.2787509841
0.3778672052 0.2787509841
0.3765430876 0.2787509841
0.3746374742 0.2787509841
0.3721584774 0.2787509841
0.3691164729 0.2787509841
0.3655240579 0.2787509841
0.361396002 0.2787509841
0.3567491888 0.2787509841
0.3516025492 0.2787509841
0.3459769864 0.2787509841
0.3398952941 0.2787509841
0.3333820659 0.2787509841
0.3264635985 0.2787509841
0.3191677878 0.2787509841
0.3115240192 0.2787509841
0.3035630511 0.2787509841
0.2953168937 0.2787509841
0.2868186829 0.2787509841
0.2781025492 0.2787509841
0.2692034831 0.2787509841
0.2601571972 0.2787509841
0.250999985 0.2787509841
0.2417685779 0.2787509841
0.2325 0.2787509841
0.2232314221 0.2787509841
0.214000015 0.2787509841
0.2048428028 0.2787509841
0.1957965169 0.2787509841
0.1868974508 0.2787509841
0.1781813171 0.2781813171
0.1696831063 0.2696831063
0.1614369489 0.2614369489
0.1534759808 0.2534759808
0.1458322122 0.2458322122
0.1385364015 0.2385364015
0.1316179341 0.2316179341
0.1251047059 0.2251047059
0.1190230136 0.2190230136
0.1133974508 0.2133974508
0.1082508112 0.2082508112
0.103603998 0.203603998
0.09947594213 0.1994759421
0.09588352712 0.1958835271
0.09284152256 0.1928415226
0.09036252583 0.1903625258
0.08845691239 0.1884569124
0.0871327948 0.1871327948
0.08639599074 0.1863959907
0.08625 0.1862490159
0.08669599074 0.1862490159
0.0877327948 0.1862490159
0.08935691239 0.1862490159
0.09156252583 0.1862490159
0.09434152256 0.1862490159
0.09768352712 0.1862490159
0.1015759421 0.1862490159
0.106003998 0.1862490159
0.1109508112 0.1862490159
0.1163974508 0.1862490159
0.1223230136 0.1862490159
0.1287047059 0.1862490159
0.1355179341 0.1862490159
0.1427364015 0.1862490159
0.1503322122 0.1862490159
0.1582759808 0.1862490159
0.1665369489 0.1862490159
0.1750831063 0.1862490159
0.1838813171 0.1862490159
0.1928974508 0.1862490159
0.2020965169 0.1862490159
0.2114428028 0.1862490159
0.220900015 0.1862490159
0.2304314221 0.1862490159
0.24 0.1862490159
0.2495685779 0.1862490159
0.259099985 0.1862490159
0.2685571972 0.1862490159
0.2779034831 0.1862490159
0.2871025492 0.1871025492
0.2961186829 0.1961186829
0.3049168937 0.2049168937
0.3134630511 0.2134630511
0.3217240192 0.2217240192
0.3296677878 0.2296677878
0.3372635985 0.2372635985
0.3444820659 0.2444820659
0.3512952941 0.2512952941
0.3576769864 0.2576769864
0.3636025492 0.2636025492
0.3690491888 0.2690491888
0.373996002 0.273996002
0.3784240579 0.2784240579
0.3823164729 0.2823164729
0.3856584774 0.2856584774
0.3884374742 0.2884374742
0.3906430876 0.2906430876
0.3922672052 0.2922672052
0.3933040093 0.2933040093
0.39375 0.29375
0.3936040093 0.2937509841
0.3928672052 0.2937509841
0.3915430876 0.2937509841
0.3896374742 0.2937509841
0.3871584774 0.2937509841
0.3841164729 0.2937509841
0.3805240579 0.2937509841
0.376396002 0.2937509841
0.3717491888 0.2937509841
0.3666025492 0.2937509841
0.3609769864 0.2937509841
0.3548952941 0.2937509841
0.3483820659 0.2937509841
0.3414635985 0.2937509841
0.3341677878 0.2937509841
0.3265240192 0.2937509841
0.3185630511 0.2937509841
0.3103168937 0.2937509841
0.3018186829 0.2937509841
0.2931025492 0.2937509841
0.2842034831 0.2937509841
0.2751571972 0.2937509841
0.265999985 0.2937509841
0.2567685779 0.2937509841
0.2475 0.2937509841
0.2382314221 0.2937509841
0.229000015 0.2937509841
0.2198428028 0.2937509841
0.2107965169 0.2937509841
0.2018974508 0.2937509841
0.1931813171 0.2931813171
0.1846831063 0.2846831063
0.1764369489 0.2764369489
0.1684759808 0.2684759808
0.1608322122 0.2608322122
0.1535364015 0.2535364015
0.1466179341 0.2466179341
0.1401047059 0.2401047059
0.1340230136 0.2340230136
0.1283974508 0.2283974508
0.1232508112 0.2232508112
0.118603998 0.218603998
0.1144759421 0.2144759421
0.1108835271 0.2108835271
0.1078415226 0.2078415226
0.1053625258 0.2053625258
0.1034569124 0.2034569124
0.1021327948 0.2021327948
0.1013959907 0.2013959907
0.10125 0.2012490159
0.1016959907 0.2012490159
0.1027327948 0.2012490159
0.1043569124 0.2012490159
0.1065625258 0.2012490159
0.1093415226 0.2012490159
0.1126835271 0.2012490159
0.1165759421 0.2012490159
0.121003998 0.2012490159
0.1259508112 0.2012490159
0.1313974508 0.2012490159
0.1373230136 0.2012490159
0.1437047059 0.2012490159
0.1505179341 0.2012490159
0.1577364015 0.2012490159
0.1653322122 0.2012490159
0.1732759808 0.2012490159
0.1815369489 0.2012490159
0.1900831063 0.2012490159
0.1988813171 0.2012490159
0.2078974508 0.2012490159
0.2170965169 0.2012490159
0.2264428028 0.2012490159
0.235900015 0.2012490159
0.2454314221 0.2012490159
0.255 0.2012490159
0.2645685779 0.2012490159
0.274099985 0.2012490159
0.2835571972 0.2012490159
0.2929034831 0.2012490159
0.3021025492 0.2021025492
0.3111186829 0.2111186829
0.3199168937 0.2199168937
0.3284630511 0.2284630511
0.3367240192 0.2367240192
0.3446677878 0.2446677878
0.3522635985 0.2522635985
0.3594820659 0.2594820659
0.3662952941 0.2662952941
0.3726769864 0.2726769864
0.3786025492 0.2786025492
0.3840491888 0.2840491888
0.388996002 0.288996002
0.3934240579 0.2934240579
0.3973164729 0.2973164729
0.4006584774 0.3006584774
0.4034374742 0.3034374742
0.4056430876 0.3056430876
0.4072672052 0.3072672052
0.4083040093 0.3083040093
0.40875 0.30875
0.4086040093 0.3087509841
0.4078672052 0.3087509841
0.4065430876 0.3087509841
0.4046374742 0.3087509841
0.4021584774 0.3087509841
0.3991164729 0.3087509841
0.3955240579 0.3087509841
0.391396002 0.3087509841
0.3867491888 0.3087509841
0.3816025492 0.3087509841
0.3759769864 0.3087509841
0.3698952941 0.3087509841
0.3633820659 0.3087509841
0.3564635985 0.3087509841
0.3491677878 0.3087509841
0.3415240192 0.3087509841
0.3335630511 0.3087509841
0.3253168937 0.3087509841
0.3168186829 0.3087509841
0.3081025492 0.3087509841
0.2992034831 0.3087509841
0.2901571972 0.3087509841
0.280999985 0.3087509841
0.2717685779 0.3087509841
0.2625 0.3087509841
0.2532314221 0.3087509841
0.244000015 0.3087509841
0.2348428028 0.3087509841
0.2257965169 0.3087509841
0.2168974508 0.3087509841
0.2081813171 0.3081813171
0.1996831063 0.2996831063
0.1914369489 0.2914369489
0.1834759808 0.2834759808
0.1758322122 0.2758322122
0.1685364015 0.2685364015
0.1616179341 0.2616179341
0.1551047059 0.2551047059
0.1490230136 0.2490230136
0.1433974508 0.2433974508
0.1382508112 0.2382508112
0.133603998 0.233603998
0.1294759421 0.2294759421
0.1258835271 0.2258835271
0.1228415226 0.2228415226
0.1203625258 0.2203625258
0.1184569124 0.2184569124
0.1171327948 0.2171327948
0.1163959907 0.2163959907
0.11625 0.2162490159
0.1166959907 0.2162490159
0.1177327948 0.2162490159
0.1193569124 0.2162490159
0.1215625258 0.2162490159
0.1243415226 0.2162490159
0.1276835271 0.2162490159
0.1315759421 0.2162490159
0.136003998 0.2162490159
0.1409508112 0.2162490159
0.1463974508 0.2162490159
0.1523230136 0.2162490159
0.1587047059 0.2162490159
0.1655179341 0.2162490159
0.1727364015 0.2162490159
0.1803322122 0.2162490159
0.1882759808 0.2162490159
0.1965369489 0.2162490159
0.2050831063 0.2162490159
0.2138813171 0.2162490159
0.2228974508 0.2162490159
0.2320965169 0.2162490159
0.2414428028 0.2162490159
0.250900015 0.2162490159
0.2604314221 0.2162490159
0.27 0.2162490159
0.2795685779 0.2162490159
0.289099985 0.2162490159
0.2985571972 0.2162490159
0.3079034831 0.2162490159
0.3171025492 0.2171025492
0.3261186829 0.2261186829
0.3349168937 0.2349168937
0.3434630511 0.2434630511
0.3517240192 0.2517240192
0.3596677878 0.2596677878
0.3672635985 0.2672635985
0.3744820659 0.2744820659
0.3812952941 0.2812952941
0.3876769864 0.2876769864
0.3936025492 0.2936025492
0.3990491888 0.2990491888
0.403996002 0.303996002
0.4084240579 0.3084240579
0.4123164729 0.3123164729
0.4156584774 0.3156584774
0.4184374742 0.3184374742
0.4206430876 0.3206430876
0.4222672052 0.3222672052
0.4233040093 0.3233040093
0.42375 0.32375
0.4236040093 0.3237509841
0.4228672052 0.3237509841
0.4215430876 0.3237509841
0.4196374742 0.3237509841
0.4171584774 0.3237509841
0.4141164729 0.3237509841
0.4105240579 0.3237509841
0.406396002 0.3237509841
0.4017491888 0.3237509841
0.3966025492 0.3237509841
0.3909769864 0.3237509841
0.3848952941 0.3237509841
0.3783820659 0.3237509841
0.3714635985 0.3237509841
0.3641677878 0.3237509841
0.3565240192 0.3237509841
0.3485630511 0.3237509841
0.3403168937 0.3237509841
0.3318186829 0.3237509841
0.3231025492 0.3237509841
0.3142034831 0.3237509841
0.3051571972 0.3237509841
0.295999985 0.3237509841
0.2867685779 0.3237509841
0.2775 0.3237509841
0.2682314221 0.3237509841
0.259000015 0.3237509841
0.2498428028 0.3237509841
0.2407965169 0.3237509841
0.2318974508 0.3237509841
0.2231813171 0.3231813171
0.2146831063 0.3146831063
0.2064369489 0.3064369489
0.1984759808 0.2984759808
0.1908322122 0.2908322122
0.1835364015 0.2835364015
0.1766179341 0.2766179341
0.1701047059 0.2701047059
0.1640230136 0.2640230136
0.1583974508 0.2583974508
0.1532508112 0.2532508112
0.148603998 0.248603998
0.1444759421 0.2444759421
0.1408835271 0.2408835271
0.1378415226 0.2378415226
0.1353625258 0.2353625258
0.1334569124 0.2334569124
0.1321327948 0.2321327948
0.1313959907 0.2313959907
0.13125 0.2312490159
0.1316959907 0.2312490159
0.1327327948 0.2312490159
0.1343569124 0.2312490159
0.1365625258 0.2312490159
0.1393415226 0.2312490159
0.1426835271 0.2312490159
0.1465759421 0.2312490159
0.151003998 0.2312490159
0.1559508112 0.2312490159
0.1613974508 0.2312490159
0.1673230136 0.2312490159
0.1737047059 0.2312490159
0.1805179341 0.2312490159
0.1877364015 0.2312490159
0.1953322122 0.2312490159
0.2032759808 0.2312490159
0.2115369489 0.2312490159
0.2200831063 0.2312490159
0.2288813171 0.2312490159
0.2378974508 0.2312490159
0.2470965169 0.2312490159
0.2564428028 0.2312490159
0.265900015 0.2312490159
0.2754314221 0.2312490159
0.285 0.2312490159
0.2945685779 0.2312490159
0.304099985 0.2312490159
0.3135571972 0.2312490159
0.3229034831 0.2312490159
0.3321025492 0.2321025492
0.3411186829 0.2411186829
0.3499168937 0.2499168937
0.3584630511 0.2584630511
0.3667240192 0.2667240192
0.3746677878 0.2746677878
0.3822635985 0.2822635985
0.3894820659 0.2894820659
0.3962952941 0.2962952941
0.4026769864 0.3026769864
0.4086025492 0.3086025492
0.4140491888 0.3140491888
0.418996002 0.318996002
0.4234240579 0.3234240579
0.4273164729 0.3273164729
0.4306584774 0.3306584774
0.4334374742 0.3334374742
0.4356430876 0.3356430876
0.4372672052 0.3372672052
0.4383040093 0.3383040093
0.43875 0.33875
0.4386040093 0.3387509841
0.4378672052 0.3387509841
0.4365430876 0.3387509841
0.4346374742 0.3387509841
0.4321584774 0.3387509841
0.4291164729 0.3387509841
0.4255240579 0.3387509841
0.421396002 0.3387509841
0.4167491888 0.3387509841
0.4116025492 0.3387509841
0.4059769864 0.3387509841
0.3998952941 0.3387509841
0.3933820659 0.3387509841
0.3864635985 0.3387509841
0.3791677878 0.3387509841
0.3715240192 0.3387509841
0.3635630511 0.3387509841
0.3553168937 0.3387509841
0.3468186829 0.3387509841
0.3381025492 0.3387509841
0.3292034831 0.3387509841
0.3201571972 0.3387509841
0.310999985 0.3387509841
0.3017685779 0.3387509841
0.2925 0.3387509841
0.2832314221 0.3387509841
0.274000015 0.3387509841
0.2648428028 0.3387509841
0.2557965169 0.3387509841
0.2468974508 0.3387509841
0.2381813171 0.3381813171
0.2296831063 0.3296831063
0.2214369489 0.3214369489
0.2134759808 0.3134759808
0.2058322122 0.3058322122
0.1985364015 0.2985364015
0.1916179341 0.2916179341
0.1851047059 0.2851047059
0.1790230136 0.2790230136
0.1733974508 0.2733974508
0.1682508112 0.2682508112
0.163603998 0.263603998
0.1594759421 0.2594759421
0.1558835271 0.2558835271
0.1528415226 0.2528415226
0.1503625258 0.2503625258
0.1484569124 0.2484569124
0.1471327948 0.2471327948
0.1463959907 0.2463959907
0.14625 0.2462490159
0.1466959907 0.2462490159
0.1477327948 0.2462490159
0.1493569124 0.2462490159
0.1515625258 0.2462490159
0.1543415226 0.2462490159
0.1576835271 0.2462490159
0.1615759421 0.2462490159
0.166003998 0.2462490159
0.1709508112 0.2462490159
0.1763974508 0.2462490159
0.1823230136 0.2462490159
0.1887047059 0.2462490159
0.1955179341 0.2462490159
0.2027364015 0.2462490159
0.2103322122 0.2462490159
0.2182759808 0.2462490159
0.2265369489 0.2462490159
0.2350831063 0.2462490159
0.2438813171 0.2462490159
0.2528974508 0.2462490159
0.2620965169 0.2462490159
0.2714428028 0.2462490159
0.280900015 0.2462490159
0.2904314221 0.2462490159
0.3 0.2462490159
