t  S  q  ell
0 0 0 0
0.0015 0.0001110322276 0 3.330781913e-05
0.003 0.000444119048 0 0.0001332061325
0.0045 0.0009992308744 0 0.0002996195428
0.006 0.001776318399 0 0.0005324225036
0.0075 0.002775312595 0 0.0008314394926
0.009 0.003996124728 0 0.001196445254
0.0105 0.005438646356 0 0.001627165108
0.012 0.007102749348 0 0.002123275332
0.0135 0.008988285889 0 0.0026844036
0.015 0.01109508849 0 0.003310129501
0.0165 0.01342297002 0 0.003999985108
0.018 0.0159717237 0 0.004753455622
0.0195 0.01874112313 0 0.005569980071
0.021 0.02173092233 0 0.006448952078
0.0225 0.02494085571 0 0.007389720676
0.024 0.02837063816 0 0.008391591194
0.0255 0.03201996501 0 0.009453826192
0.027 0.03588851213 0 0.01057564645
0.0285 0.03997593587 0 0.011756232
0.03 0.04428187318 0 0.01299472325
0.0315 0.04880594157 0 0.01429022208
0.033 0.05354773919 0 0.01564179305
0.0345 0.05850684484 0 0.01704846464
0.036 0.06368281803 0 0.0185092305
0.0375 0.06907519901 0 0.02002305076
0.039 0.07468350877 0 0.02158885336
0.0405 0.08050724918 0 0.02320553546
0.042 0.08654590292 0 0.02487196483
0.0435 0.0927989336 0 0.02658698127
0.045 0.09926578581 0 0.02834939806
0.0465 0.1059458851 7.902048236e-05 0.0301580035
0.048 0.1128386381 0.001008832344 0.03201156234
0.0495 0.1199434326 0.001965988805 0.03390881733
0.051 0.1272596375 0.002950306957 0.03584849077
0.0525 0.1347866029 0.003961601511 0.037829286
0.054 0.1425236603 0.004999685104 0.03984988901
0.0555 0.1504701223 0.006064368618 0.04190896994
0.057 0.1586252831 0.007155461512 0.0440051847
0.0585 0.1669884184 0.008272772162 0.04613717648
0.06 0.1755587853 0.009416108223 0.04830357733
0.0615 0.1843356225 0.010585277 0.0505030097
0.063 0.1933181503 0.01178008581 0.052734088
0.0645 0.202505571 0.01300034244 0.05499542015
0.066 0.2118970684 0.01424585549 0.05728560905
0.0675 0.2214918084 0.01551643485 0.05960325413
0.069 0.2312889386 0.01681189216 0.06194695285
0.0705 0.2412875889 0.01813204125 0.06431530214
0.072 0.2514868711 0.01947669864 0.06670689985
0.0735 0.2618858792 0.02084568407 0.06912034622
0.075 0.2724836895 0.022238821 0.07155424522
0.0765 0.2832793607 0.0236559372 0.07400720598
0.078 0.2942719339 0.02509686534 0.07647784409
0.0795 0.3054604326 0.02656144358 0.07896478293
0.081 0.316843863 0.02804951624 0.08146665498
0.0825 0.3284212139 0.02956093446 0.083982103
0.084 0.340191457 0.03109555695 0.08650978128
0.0855 0.3521535468 0.0326532507 0.08904835685
0.087 0.3643064208 0.03423389185 0.09159651052
0.0885 0.3766489993 0.03583736647 0.09415293806
0.09 0.3891801862 0.03746357149 0.09671635121
0.0915 0.4018988684 0.03911241568 0.09928547873
0.093 0.414803916 0.04078382065 0.1018590673
0.0945 0.4278941827 0.04247772194 0.1044358826
0.096 0.4411685059 0.04419407022 0.1070147099
0.0975 0.4546257064 0.04593283249 0.1095943553
0.099 0.4682645889 0.04769399349 0.1121736462
0.1005 0.4820839419 0.04947755715 0.1147514322
0.102 0.4960825378 0.0512835481 0.1173265858
0.1035 0.5102591333 0.05311201347 0.1198980028
0.105 0.5246124691 0.05496302468 0.1224646036
0.1065 0.5391412702 0.05683667946 0.1250253328
0.108 0.5538442461 0.05873310411 0.1275791607
0.1095 0.5687200908 0.06065245585 0.130125083
0.111 0.583767483 0.06259492551 0.1326621217
0.1125 0.598985086 0.06456074046 0.1351893254
0.114 0.6143715482 0.06655016779 0.1377057693
0.1155 0.6299255027 0.06856351795 0.1402105563
0.117 0.6456455682 0.07060114872 0.1427028162
0.1185 0.661530348 0.07266346958 0.1451817069
0.12 0.6775784314 0.07475094679 0.147646414
0.1215 0.6937883929 0.07686410887 0.150096151
0.123 0.7101587924 0.07900355294 0.1525301597
0.1245 0.7266881761 0.08116995184 0.1549477099
0.126 0.7433750755 0.08336406218 0.1573480997
0.1275 0.7602180085 0.0855867336 0.1597306551
0.129 0.777215479 0.08783891931 0.1620947306
0.1305 0.7943659772 0.09012168826 0.1644397085
0.132 0.8116679797 0.09243623919 0.1667649989
0.1335 0.8291199496 0.09478391695 0.1690700398
0.135 0.8467203367 0.09716623166 0.1713542969
0.1365 0.8644675777 0.09958488105 0.1736172631
0.138 0.8823600961 0.1020417771 0.1758584585
0.1395 0.9003963026 0.1045390775 0.1780774299
0.141 0.9185745952 0.1070792236 0.1802737509
0.1425 0.9368933592 0.1096649862 0.1824470212
0.144 0.9553509673 0.112299521 0.1845968665
0.1455 0.97394578 0.1149864374 0.1867229379
0.147 0.9926761458 0.1177298831 0.1888249119
0.1485 1.011540401 0.1205346512 0.1909024895
0.15 1.030536869 0.1234063151 0.1929553962
0.1515 1.049663864 0.1263514033 0.1949833813
0.153 1.068919686 0.1293776267 0.1969862176
0.1545 1.088302625 0.1324941813 0.1989637008
0.156 1.107810959 0.1357121582 0.2009156492
0.1575 1.127442955 0.1390451105 0.2028419028
0.159 1.14719687 0.1425098587 0.2047423234
0.1605 1.167070948 0.1461276693 0.2066167936
0.162 1.187063425 0.1499260411 0.2084652163
0.1635 1.207172525 0.1539415308 0.2102875146
0.165 1.227396461 0.1582244713 0.2120836307
0.1665 1.247733437 0.1628473982 0.2138535256
0.168 1.268181646 0.1679215194 0.2155971787
0.1695 1.288739273 0.1736332071 0.217314587
0.171 1.309404491 0.1803418409 0.2190057646
0.1725 1.330175464 0.1889481881 0.2206707423
0.174 1.351050348 0.2049789677 0.2223095667
0.17425 1.354539468 0.242330893 0.2225801656
0.1745 1.358031414 0.1817923398 0.22285004
0.17475 1.361526178 0.2095004618 0.2231191903
0.175 1.365023751 0.1897480585 0.2233876168
0.17525 1.368524124 1.07775164 0.2236553199
0.1755 1.372027289 1.077840451 0.2239223001
0.177 1.393104422 1.078367521 0.2255090194
0.1785 1.414279877 1.078884735 0.2270698162
0.18 1.435551771 1.079392197 0.2286047955
0.1815 1.456918216 1.079890013 0.2301140758
0.183 1.478377313 1.08037829 0.2315977881
0.1845 1.499927157 1.080857139 0.2330560757
0.186 1.521565833 1.081326671 0.2344890934
0.1875 1.543291419 1.081786999 0.235897007
0.189 1.565101986 1.082238238 0.2372799929
0.1905 1.586995595 1.082680503 0.2386382376
0.192 1.608970303 1.083113912 0.2399719369
0.1935 1.631024158 1.083538583 0.2412812958
0.195 1.653155199 1.083954634 0.2425665277
0.1965 1.675361463 1.084362185 0.243827854
0.198 1.697640975 1.084761356 0.2450655037
0.1995 1.719991758 1.085152268 0.2462797129
0.201 1.742411826 1.085535042 0.2474707242
0.2025 1.764899187 1.085909799 0.2486387864
0.204 1.787451844 1.086276661 0.2497841542
0.2055 1.810067793 1.086635751 0.2509070872
0.207 1.832745027 1.086987188 0.2520078504
0.2085 1.855481529 1.087331096 0.2530867128
0.21 1.878275282 1.087667595 0.2541439477
0.2115 1.90112426 1.087996807 0.2551798321
0.213 1.924026433 1.088318852 0.2561946463
0.2145 1.946979768 1.08863385 0.2571886734
0.216 1.969982225 1.088941923 0.2581621995
0.2175 1.993031762 1.089243189 0.2591155125
0.219 2.01612633 1.089537766 0.2600489025
0.2205 2.039263879 1.089825773 0.2609626611
0.222 2.062442353 1.090107327 0.2618570813
0.2235 2.085659693 1.090382545 0.2627324572
0.225 2.108913837 1.090651541 0.2635890834
0.2265 2.13220272 1.090914432 0.264427255
0.228 2.155524273 1.091171329 0.2652472675
0.2295 2.178876424 1.091422347 0.2660494162
0.231 2.2022571 1.091667597 0.266833996
0.2325 2.225664222 1.091907189 0.2676013015
0.234 2.249095713 1.092141233 0.2683516264
0.2355 2.27254949 1.092369838 0.2690852634
0.237 2.296023471 1.092593109 0.2698025041
0.2385 2.31951557 1.092811154 0.2705036389
0.24 2.343023701 1.093024077 0.2711889564
0.2415 2.366545776 1.093231982 0.2718587436
0.243 2.390079704 1.09343497 0.2725132857
0.2445 2.413623397 1.093633142 0.2731528659
0.246 2.437174761 1.093826599 0.273777765
0.2475 2.460731707 1.094015437 0.2743882618
0.249 2.48429214 1.094199754 0.2749846325
0.2505 2.507853969 1.094379646 0.2755671508
0.252 2.5314151 1.094555206 0.2761360876
0.2535 2.55497344 1.094726527 0.2766917113
0.255 2.578526898 1.0948937 0.2772342873
0.2565 2.60207338 1.095056816 0.2777640779
0.258 2.625610795 1.095215962 0.2782813426
0.2595 2.649137053 1.095371226 0.2787863377
0.261 2.672650064 1.095522693 0.2792793164
0.2625 2.696147739 1.095670448 0.2797605284
0.264 2.719627991 1.095814574 0.2802302205
0.2655 2.743088735 1.095955151 0.2806886358
0.267 2.766527886 1.096092261 0.2811360142
0.2685 2.789943362 1.096225981 0.2815725922
0.27 2.813333084 1.096356388 0.2819986026
0.2715 2.836694974 1.09648356 0.2824142749
0.273 2.860026956 1.096607569 0.282819835
0.2745 2.883326959 1.09672849 0.2832155055
0.276 2.906592913 1.096846393 0.283601505
0.2775 2.929822751 1.09696135 0.2839780489
0.279 2.953014409 1.097073428 0.2843453489
0.2805 2.976165828 1.097182697 0.2847036132
0.282 2.999274951 1.097289222 0.2850530461
0.2835 3.022339726 1.097393069 0.2853938489
0.285 3.045358103 1.0974943 0.2857262188
0.2865 3.068328039 1.097592979 0.2860503498
0.288 3.091247493 1.097689167 0.2863664321
0.2895 3.114114428 1.097782923 0.2866746525
0.291 3.136926814 1.097874307 0.2869751944
0.2925 3.159682625 1.097963376 0.2872682376
0.294 3.182379839 1.098050185 0.2875539583
0.2955 3.20501644 1.098134791 0.2878325295
0.297 3.227590417 1.098217247 0.2881041208
0.2985 3.250099766 1.098297606 0.2883688981
0.3 3.272542486 1.098375919 0.2886270243
0.3015 3.294916585 1.098452237 0.2888786588
0.303 3.317220074 1.098526609 0.2891239579
0.3045 3.339450973 1.098599083 0.2893630743
0.306 3.361607308 1.098669707 0.2895961579
0.3075 3.383687109 1.098738526 0.2898233552
0.309 3.405688417 1.098805586 0.2900448097
0.3105 3.427609276 1.09887093 0.2902606615
0.312 3.449447739 1.098934603 0.2904710481
0.3135 3.471201867 1.098996644 0.2906761036
0.315 3.492869727 1.099057097 0.2908759595
0.3165 3.514449394 1.099116 0.291070744
0.318 3.535938952 1.099173393 0.2912605827
0.3195 3.557336493 1.099229314 0.2914455982
0.321 3.578640114 1.099283801 0.2916259105
0.3225 3.599847925 1.099336889 0.2918016366
0.324 3.62095804 1.099388615 0.291972891
0.3255 3.641968586 1.099439012 0.2921397856
0.327 3.662877695 1.099488115 0.2923024293
0.3285 3.683683511 1.099535958 0.292460929
0.33 3.704384185 1.099582571 0.2926153886
0.3315 3.724977879 1.099627986 0.2927659098
0.333 3.745462763 1.099672234 0.2929125918
0.3345 3.765837018 1.099715346 0.2930555314
0.336 3.786098834 1.099757349 0.293194823
0.3375 3.806246412 1.099798273 0.2933305589
0.339 3.826277961 1.099838145 0.2934628289
0.3405 3.846191702 1.099876992 0.2935917208
0.342 3.865985867 1.09991484 0.2937173202
0.3435 3.885658697 1.099951715 0.2938397105
0.345 3.905208445 1.099987642 0.293958973
0.3465 3.924633374 1.100022646 0.2940751871
0.348 3.943931759 1.100056749 0.2941884302
0.3495 3.963101885 1.100089976 0.2942987777
0.351 3.98214205 1.100122348 0.294406303
0.3525 4.001050563 1.100153888 0.2945110778
0.354 4.019825744 1.100184616 0.2946131719
0.3555 4.038465925 1.100214555 0.2947126533
0.357 4.056969451 1.100243723 0.2948095883
0.3585 4.075334678 1.100272141 0.2949040414
0.36 4.093559974 1.100299828 0.2949960755
0.3615 4.111643722 1.100326802 0.2950857519
0.363 4.129584313 1.100353082 0.2951731303
0.3645 4.147380156 1.100378686 0.2952582687
0.366 4.165029669 1.10040363 0.2953412238
0.3675 4.182531284 1.100427931 0.2954220505
0.369 4.199883447 1.100451607 0.2955008026
0.3705 4.217084616 1.100474672 0.2955775322
0.372 4.234133265 1.100497142 0.2956522903
0.3735 4.251027877 1.100519032 0.2957251261
0.375 4.267766953 1.100540357 0.295796088
0.3765 4.284349006 1.100561131 0.2958652227
0.378 4.300772562 1.100581368 0.2959325758
0.3795 4.317036164 1.100601081 0.2959981918
0.381 4.333138366 1.100620284 0.2960621137
0.3825 4.349077737 1.100638989 0.2961243835
0.384 4.364852864 1.100657208 0.2961850422
0.3855 4.380462343 1.100674954 0.2962441293
0.387 4.395904788 1.100692239 0.2963016836
0.3885 4.411178829 1.100709073 0.2963577426
0.39 4.426283107 1.100725467 0.2964123429
0.3915 4.441216282 1.100741434 0.29646552
0.393 4.455977026 1.100756982 0.2965173084
0.3945 4.47056403 1.100772123 0.2965677417
0.396 4.484975997 1.100786865 0.2966168525
0.3975 4.499211646 1.100801219 0.2966646727
0.399 4.513269714 1.100815195 0.2967112329
0.4005 4.527148952 1.1008288 0.2967565632
0.402 4.540848127 1.100842044 0.2968006926
0.4035 4.554366022 1.100854935 0.2968436495
0.405 4.567701436 1.100867482 0.2968854613
0.4065 4.580853185 1.100879693 0.2969261548
0.408 4.5938201 1.100891575 0.2969657558
0.4095 4.60660103 1.100903137 0.2970042895
0.411 4.61919484 1.100914385 0.2970417803
0.4125 4.631600411 1.100925327 0.297078252
0.414 4.64381664 1.100935969 0.2971137276
0.4155 4.655842444 1.100946319 0.2971482295
0.417 4.667676753 1.100956383 0.2971817793
0.4185 4.679318516 1.100966167 0.2972143981
0.42 4.6907667 1.100975677 0.2972461064
0.4215 4.702020287 1.10098492 0.2972769238
0.423 4.713078278 1.100993902 0.2973068697
0.4245 4.723939691 1.101002627 0.2973359626
0.426 4.73460356 1.101011101 0.2973642206
0.4275 4.745068939 1.10101933 0.2973916612
0.429 4.755334898 1.101027319 0.2974183013
0.4305 4.765400526 1.101035072 0.2974441574
0.432 4.775264927 1.101042595 0.2974692453
0.4335 4.784927226 1.101049891 0.2974935805
0.435 4.794386564 1.101056967 0.2975171778
0.4365 4.803642102 1.101063825 0.2975400516
0.438 4.812693017 1.10107047 0.2975622159
0.4395 4.821538505 1.101076906 0.2975836842
0.441 4.830177781 1.101083138 0.2976044695
0.4425 4.838610077 1.101089168 0.2976245844
0.444 4.846834644 1.101095001 0.2976440411
0.4455 4.854850752 1.10110064 0.2976628512
0.447 4.862657688 1.101106088 0.2976810261
0.4485 4.870254759 1.101111349 0.2976985768
0.45 4.877641291 1.101116426 0.2977155137
0.4515 4.884816626 1.101121322 0.297731847
0.453 4.891780129 1.10112604 0.2977475864
0.4545 4.89853118 1.101130582 0.2977627414
0.456 4.905069179 1.101134952 0.2977773208
0.4575 4.911393546 1.101139152 0.2977913335
0.459 4.917503719 1.101143184 0.2978047877
0.4605 4.923399156 1.101147052 0.2978176914
0.462 4.929079332 1.101150756 0.2978300521
0.4635 4.934543744 1.101154301 0.2978418773
0.465 4.939791905 1.101157686 0.2978531738
0.4665 4.94482335 1.101160915 0.2978639483
0.468 4.949637631 1.10116399 0.2978742071
0.4695 4.954234321 1.101166911 0.2978839563
0.471 4.958613012 1.101169682 0.2978932016
0.4725 4.962773315 1.101172303 0.2979019483
0.474 4.966714861 1.101174777 0.2979102016
0.4755 4.970437298 1.101177103 0.2979179663
0.477 4.973940297 1.101179285 0.2979252469
0.4785 4.977223546 1.101181323 0.2979320476
0.48 4.980286753 1.101183219 0.2979383725
0.4815 4.983129648 1.101184972 0.2979442252
0.483 4.985751976 1.101186586 0.297949609
0.4845 4.988153506 1.10118806 0.2979545272
0.486 4.990334023 1.101189395 0.2979589825
0.4875 4.992293334 1.101190592 0.2979629776
0.489 4.994031266 1.101191652 0.2979665147
0.4905 4.995547663 1.101192575 0.297969596
0.492 4.996842392 1.101193362 0.2979722231
0.4935 4.997915336 1.101194014 0.2979743976
0.495 4.998766401 1.10119453 0.2979761208
0.4965 4.999395511 1.101194912 0.2979773936
0.498 4.999802611 1.101195158 0.2979782169
0.4995 4.999987663 1.10119527 0.297978591
0.501 4.999950652 1.101195278 0.2979785161
0.5025 4.999691581 1.101195278 0.2979779924
0.504 4.999210473 1.101195278 0.2979770193
0.5055 4.998507371 1.101195278 0.2979755965
0.507 4.997582337 1.101195278 0.297973723
0.5085 4.996435453 1.101195278 0.2979713977
0.51 4.995066821 1.101195278 0.2979686194
0.5115 4.993476563 1.101195278 0.2979653864
0.513 4.99166482 1.101195278 0.2979616969
0.5145 4.989631753 1.101195278 0.2979575487
0.516 4.987377542 1.101195278 0.2979529394
0.5175 4.984902389 1.101195278 0.2979478663
0.519 4.982206511 1.101195278 0.2979423265
0.5205 4.97929015 1.101195278 0.2979363168
0.522 4.976153564 1.101195278 0.2979298338
0.5235 4.972797032 1.101195278 0.2979228735
0.525 4.969220851 1.101195278 0.297915432
0.5265 4.965425341 1.101195278 0.297907505
0.528 4.961410836 1.101195278 0.2978990878
0.5295 4.957177695 1.101195278 0.2978901755
0.531 4.952726294 1.101195278 0.2978807629
0.5325 4.948057027 1.101195278 0.2978708444
0.534 4.943170309 1.101195278 0.2978604144
0.5355 4.938066575 1.101195278 0.2978494666
0.537 4.932746277 1.101195278 0.2978379946
0.5385 4.92720989 1.101195278 0.2978259917
0.54 4.921457903 1.101195278 0.2978134508
0.5415 4.915490828 1.101195278 0.2978003645
0.543 4.909309196 1.101195278 0.2977867251
0.5445 4.902913554 1.101195278 0.2977725244
0.546 4.896304473 1.101195278 0.2977577541
0.5475 4.889482537 1.101195278 0.2977424053
0.549 4.882448354 1.101195278 0.297726469
0.5505 4.875202548 1.101195278 0.2977099356
0.552 4.867745762 1.101195278 0.2976927953
0.5535 4.86007866 1.101195278 0.2976750377
0.555 4.852201922 1.101195278 0.2976566523
0.5565 4.844116248 1.101195278 0.2976376279
0.558 4.835822356 1.101195278 0.2976179532
0.5595 4.827320983 1.101195278 0.2975976162
0.561 4.818612883 1.101195278 0.2975766047
0.5625 4.809698831 1.101195278 0.2975549058
0.564 4.800579618 1.101195278 0.2975325065
0.5655 4.791256055 1.101195278 0.2975093931
0.567 4.781728969 1.101195278 0.2974855515
0.5685 4.771999206 1.101195278 0.2974609671
0.57 4.762067631 1.101195278 0.2974356248
0.5715 4.751935127 1.101195278 0.2974095092
0.573 4.741602592 1.101195278 0.2973826041
0.5745 4.731070945 1.101195278 0.297354893
0.576 4.720341122 1.101195278 0.2973263586
0.5775 4.709414075 1.101195278 0.2972969834
0.579 4.698290775 1.101195278 0.2972667491
0.5805 4.686972211 1.101195278 0.2972356369
0.582 4.675459387 1.101195278 0.2972036274
0.5835 4.663753326 1.101195278 0.2971707005
0.585 4.651855068 1.101195278 0.2971368357
0.5865 4.639765669 1.101195278 0.2971020117
0.588 4.627486204 1.101195278 0.2970662066
0.5895 4.615017764 1.101195278 0.2970293977
0.591 4.602361456 1.101195278 0.296991562
0.5925 4.589518403 1.101195278 0.2969526753
0.594 4.576489748 1.101195278 0.296912713
0.5955 4.563276647 1.101195278 0.2968716496
0.597 4.549880273 1.101195278 0.2968294591
0.5985 4.536301818 1.101195278 0.2967861144
0.6 4.522542486 1.101195278 0.2967415879
0.6015 4.5086035 1.101195278 0.2966958509
0.603 4.494486099 1.101195278 0.2966488741
0.6045 4.480191536 1.101195278 0.2966006272
0.606 4.46572108 1.101195278 0.2965510791
0.6075 4.451076018 1.101195278 0.2965001978
0.609 4.43625765 1.101195278 0.2964479503
0.6105 4.421267293 1.101195278 0.2963943027
0.612 4.406106278 1.101195278 0.2963392202
0.6135 4.390775951 1.101195278 0.2962826668
0.615 4.375277674 1.101195278 0.2962246058
0.6165 4.359612825 1.101195278 0.2961649992
0.618 4.343782793 1.101195278 0.2961038079
0.6195 4.327788987 1.101195278 0.296040992
0.621 4.311632825 1.101195278 0.2959765101
0.6225 4.295315744 1.101195278 0.29591032
0.624 4.278839193 1.101195278 0.295842378
0.6255 4.262204635 1.101195278 0.2957726393
0.627 4.245413547 1.101195278 0.2957010581
0.6285 4.228467422 1.101195278 0.2956275869
0.63 4.211367765 1.101195278 0.2955521772
0.6315 4.194116094 1.101195278 0.2954747792
0.633 4.176713941 1.101195278 0.2953953414
0.6345 4.159162854 1.101195278 0.2953138112
0.636 4.141464389 1.101195278 0.2952301346
0.6375 4.123620121 1.101195278 0.2951442559
0.639 4.105631633 1.101195278 0.2950561181
0.6405 4.087500524 1.101195278 0.2949656624
0.642 4.069228403 1.101195278 0.2948728289
0.6435 4.050816895 1.101195278 0.2947775555
0.645 4.032267634 1.101195278 0.294679779
0.6465 4.013582268 1.101195278 0.2945794342
0.648 3.994762458 1.101195278 0.2944764542
0.6495 3.975809873 1.101195278 0.2943707704
0.651 3.956726199 1.101195278 0.2942623124
0.6525 3.93751313 1.101195278 0.294151008
0.654 3.918172373 1.101195278 0.294036783
0.6555 3.898705645 1.101195278 0.2939195614
0.657 3.879114677 1.101195278 0.2937992652
0.6585 3.859401207 1.101195278 0.2936758144
0.66 3.839566987 1.101195278 0.2935491269
0.6615 3.81961378 1.101195278 0.2934191186
0.663 3.799543357 1.101195278 0.2932857031
0.6645 3.7793575 1.101195278 0.2931487921
0.666 3.759058004 1.101195278 0.2930082948
0.6675 3.738646671 1.101195278 0.2928641184
0.669 3.718125314 1.101195278 0.2927161675
0.6705 3.697495757 1.101195278 0.2925643447
0.672 3.67675983 1.101195278 0.2924085498
0.6735 3.655919378 1.101195278 0.2922486804
0.675 3.634976249 1.101195278 0.2920846317
0.6765 3.613932306 1.101195278 0.2919162961
0.678 3.592789417 1.101195278 0.2917435637
0.6795 3.571549459 1.101195278 0.2915663217
0.681 3.550214321 1.101195278 0.2913844548
0.6825 3.528785897 1.101195278 0.291197845
0.684 3.507266089 1.101195278 0.2910063715
0.6855 3.485656811 1.101195278 0.2908099106
0.687 3.463959981 1.101195278 0.2906083359
0.6885 3.442177526 1.101195278 0.2904015181
0.69 3.420311382 1.101195278 0.2901893249
0.6915 3.39836349 1.101195278 0.2899716209
0.693 3.3763358 1.101195278 0.2897482679
0.6945 3.35423027 1.101195278 0.2895191246
0.696 3.332048861 1.101195278 0.2892840465
0.6975 3.309793545 1.101195278 0.289042886
0.699 3.287466299 1.101195278 0.2887954922
0.7005 3.265069105 1.101195278 0.2885417113
0.702 3.242603954 1.101195278 0.288281386
0.7035 3.22007284 1.101195278 0.2880143556
0.705 3.197477765 1.101195278 0.2877404563
0.7065 3.174820736 1.101195278 0.2874595209
0.708 3.152103766 1.101195278 0.2871713788
0.7095 3.129328872 1.101195278 0.2868758558
0.711 3.106498077 1.101195278 0.2865727745
0.7125 3.08361341 1.101195278 0.286261954
0.714 3.060676902 1.101195278 0.2859432097
0.7155 3.037690593 1.101195278 0.2856163538
0.717 3.014656522 1.101195278 0.2852811946
0.7185 2.991576737 1.101195278 0.2849375373
0.72 2.968453286 1.101195278 0.284585183
0.7215 2.945288226 1.101195278 0.2842239298
0.723 2.922083612 1.101195278 0.2838535718
0.7245 2.898841506 1.101195278 0.2834738997
0.726 2.875563973 1.101195278 0.2830847006
0.7275 2.85225308 1.101195278 0.2826857581
0.729 2.828910898 1.101195278 0.2822768521
0.7305 2.8055395 1.101195278 0.281857759
0.732 2.782140962 1.101195278 0.2814282518
0.7335 2.758717363 1.101195278 0.2809880998
0.735 2.735270783 1.101195278 0.2805370688
0.7365 2.711803305 1.101195278 0.2800749214
0.738 2.688317014 1.101195278 0.2796014165
0.7395 2.664813995 1.101195278 0.2791163098
0.741 2.641296336 1.101195278 0.2786193536
0.7425 2.617766127 1.101195278 0.2781102969
0.744 2.594225457 1.101195278 0.2775888855
0.7455 2.570676417 1.101195278 0.2770548621
0.747 2.547121099 1.101195278 0.2765079662
0.7485 2.523561596 1.101195278 0.2759479344
0.75 2.5 1.101195278 0.2753745004
0.7515 2.476438404 1.101195278 0.2747873949
0.753 2.452878901 1.101195278 0.2741863461
0.7545 2.429323583 1.101195278 0.2735710793
0.756 2.405774543 1.101195278 0.2729413176
0.7575 2.382233873 1.101195278 0.2722967814
0.759 2.358703664 1.101195278 0.2716371891
0.7605 2.335186005 1.101195278 0.2709622569
0.762 2.311682986 1.101195278 0.270271699
0.7635 2.288196695 1.101195278 0.2695652277
0.765 2.264729217 1.101195278 0.2688425539
0.7665 2.241282637 1.101195278 0.2681033867
0.768 2.217859038 1.101195278 0.2673474342
0.7695 2.1944605 1.101195278 0.2665744033
0.771 2.171089102 1.101195278 0.2657839999
0.7725 2.14774692 1.101195278 0.2649759295
0.774 2.124436027 1.101195278 0.2641498967
0.7755 2.101158494 1.101195278 0.2633056064
0.777 2.077916388 1.101195278 0.2624427631
0.7785 2.054711774 1.101195278 0.2615610718
0.78 2.031546714 1.101195278 0.2606602381
0.7815 2.008423263 1.101195278 0.2597399682
0.783 1.985343478 1.101195278 0.2587999695
0.7845 1.962309407 1.101195278 0.257839951
0.786 1.939323098 1.101195278 0.2568596231
0.7875 1.91638659 1.101195278 0.2558586986
0.789 1.893501923 1.101195278 0.2548368923
0.7905 1.870671128 1.101195278 0.2537939221
0.792 1.847896234 1.101195278 0.2527295086
0.7935 1.825179264 1.101195278 0.2516433761
0.795 1.802522235 1.101195278 0.2505352527
0.7965 1.77992716 1.101195278 0.2494048706
0.798 1.757396046 1.101195278 0.2482519666
0.7995 1.734930895 1.101195278 0.2470762827
0.801 1.712533701 1.101195278 0.2458775661
0.8025 1.690206455 1.101195278 0.2446555701
0.804 1.667951139 1.101195278 0.2434100541
0.8055 1.64576973 1.101195278 0.2421407843
0.807 1.6236642 1.101195278 0.2408475343
0.8085 1.60163651 1.101195278 0.2395300852
0.81 1.579688618 1.101195278 0.2381882265
0.8115 1.557822474 1.100848365 0.236821756
0.813 1.536040019 1.100430466 0.2354304811
0.8145 1.514343189 1.100004283 0.2340142186
0.816 1.492733911 1.099569718 0.2325727955
0.8175 1.471214103 1.099126675 0.2311060496
0.819 1.449785679 1.09867506 0.22961383
0.8205 1.428450541 1.098214781 0.2280959973
0.822 1.407210583 1.097745748 0.2265524246
0.8235 1.386067694 1.097267872 0.224982998
0.825 1.365023751 1.096781068 0.2233876168
0.8265 1.344080622 1.096285254 0.2217661943
0.828 1.32324017 1.095780349 0.2201186583
0.8295 1.302504243 1.095266276 0.2184449517
0.831 1.281874686 1.094742961 0.2167450331
0.8325 1.261353329 1.094210334 0.2150188773
0.834 1.240941996 1.093668326 0.2132664757
0.8355 1.2206425 1.093116875 0.2114878372
0.837 1.200456643 1.09255592 0.2096829885
0.8385 1.18038622 1.091985407 0.2078519747
0.84 1.160433013 1.091405284 0.20599486
0.8415 1.140598793 1.090815503 0.2041117279
0.843 1.120885323 1.090216024 0.2022026822
0.8445 1.101294355 1.089606809 0.2002678473
0.846 1.081827627 1.088987825 0.1983073685
0.8475 1.06248687 1.088359048 0.1963214129
0.849 1.043273801 1.087720454 0.1943101699
0.8505 1.024190127 1.08707203 0.1922738512
0.852 1.005237542 1.086413767 0.1902126918
0.8535 0.9864177315 1.085745661 0.1881269504
0.855 0.9677323659 1.085067717 0.1860169095
0.8565 0.9491831051 1.084379946 0.1838828762
0.858 0.9307715968 1.083682365 0.1817251826
0.8595 0.9124994764 1.082975 0.1795441858
0.861 0.8943683671 1.082257883 0.1773402689
0.8625 0.8763798792 1.081531056 0.1751138409
0.864 0.8585356106 1.080794567 0.1728653369
0.8655 0.8408371464 1.080048473 0.1705952191
0.867 0.8232860587 1.07929284 0.1683039763
0.8685 0.8058839063 1.078527744 0.1659921248
0.87 0.7886322352 1.077753267 0.1636602081
0.8715 0.7715325776 1.076969504 0.1613087975
0.873 0.7545864525 1.076176557 0.158938492
0.8745 0.7377953651 1.075374541 0.1565499187
0.876 0.721160807 1.074563578 0.1541437325
0.8775 0.7046842556 1.073743803 0.1517206167
0.879 0.6883671745 1.072915361 0.1492812827
0.8805 0.6722110132 1.072078407 0.14682647
0.882 0.6562172066 1.07123311 0.1443569463
0.8835 0.6403871755 1.070379647 0.1418735073
0.885 0.6247223259 1.069518211 0.1393769768
0.8865 0.6092240494 1.068649004 0.1368682062
0.888 0.5938937225 1.067772241 0.1343480746
0.8895 0.578732707 1.066888151 0.1318174885
0.891 0.5637423495 1.065996975 0.1292773815
0.8925 0.5489239817 1.065098968 0.1267287141
0.894 0.5342789197 1.064194395 0.1241724729
0.8955 0.5198084644 1.06328354 0.1216096708
0.897 0.5055139012 1.062366695 0.1190413461
0.8985 0.4913964997 1.061444172 0.1164685624
0.9 0.4774575141 1.060516291 0.1138924075
0.9015 0.4636981823 1.059583392 0.1113139935
0.903 0.4501197267 1.058645825 0.1087344555
0.9045 0.4367233533 1.057703957 0.1061549514
0.906 0.423510252 1.056758169 0.103576661
0.9075 0.4104815966 1.055808859 0.1010007854
0.909 0.3976385443 1.054856436 0.09842854571
0.9105 0.3849822358 1.053901327 0.09586118281
0.912 0.3725137955 1.052943974 0.09329995609
0.9135 0.3602343308 1.051984833 0.09074614255
0.915 0.3481449325 1.051024375 0.08820103591
0.9165 0.3362466744 1.050063087 0.08566594549
0.918 0.3245406133 1.049101471 0.0831421952
0.9195 0.3130277892 1.048140044 0.08063112239
0.921 0.3017092245 1.047179337 0.07813407674
0.9225 0.2905859248 1.046219896 0.07565241905
0.924 0.279658878 1.045262282 0.07318752002
0.9255 0.2689290547 1.04430707 0.07074075901
0.927 0.258397408 1.043354849 0.06831352273
0.9285 0.2480648735 1.042406222 0.06590720393
0.93 0.2379323688 1.041461804 0.06352320001
0.9315 0.2280007941 1.040522225 0.06116291171
0.933 0.2182710315 1.039588125 0.05882774164
0.9345 0.2087439452 1.038660159 0.05651909284
0.936 0.1994203816 1.037738991 0.05423836738
0.9375 0.1903011687 1.036825297 0.05198696483
0.939 0.1813871167 1.035919763 0.04976628079
0.9405 0.1726790172 1.035023084 0.04757770534
0.942 0.1641776439 1.034135964 0.04542262156
0.9435 0.1558837518 1.033259115 0.04330240398
0.945 0.1477980776 1.032393257 0.041218417
0.9465 0.1399213396 1.031539115 0.03917201337
0.948 0.1322542375 1.030697418 0.03716453261
0.9495 0.1247974522 1.029868901 0.03519729946
0.951 0.1175516462 1.029054301 0.03327162234
0.9525 0.110517463 1.028254358 0.03138879174
0.954 0.1036955275 1.027469811 0.02955007873
0.9555 0.09708644553 1.026701398 0.02775673339
0.957 0.09069080427 1.025949857 0.02600998328
0.9585 0.0845091718 1.025215921 0.02431103196
0.96 0.07854209718 1.024500319 0.02266105745
0.9615 0.07279011045 1.023803771 0.0210612108
0.963 0.06725372254 1.023126994 0.0195126146
0.9645 0.06193342523 1.022470692 0.01801636159
0.966 0.05682969108 1.02183556 0.01657351324
0.9675 0.05194297345 1.021222278 0.0151850984
0.969 0.04727370639 1.020631514 0.01385211195
0.9705 0.04282230467 1.02006392 0.01257551353
0.972 0.03858916368 1.019520131 0.01135622627
0.9735 0.03457465943 1.019000761 0.01019513557
0.975 0.03077914851 1.018506406 0.009093087947
0.9765 0.02720296807 1.018037638 0.008050889904
0.978 0.02384643576 1.017595006 0.007069306847
0.9795 0.02070984972 1.017179034 0.006149062066
0.981 0.01779348858 1.016790217 0.005290835767
0.9825 0.01509761136 1.016429025 0.004495264147
0.984 0.01262245755 1.016095896 0.003762938537
0.9855 0.01036824699 1.015791237 0.0030944046
0.987 0.008335179915 1.015515425 0.002490161585
0.9885 0.006523436919 1.015268802 0.001950661649
0.99 0.004933178929 1.015051676 0.001476309236
0.9915 0.003564547201 1.014864318 0.001067460523
0.993 0.002417663305 1.014706965 0.0007244229332
0.9945 0.001492629113 1.014579816 0.0004474547087
0.996 0.0007895267918 1.014483032 0.0002367645592
0.9975 0.0003084187958 1.014416736 9.25113719e-05
0.999 4.934785966e-05 1.014381013 1.480399262e-05
1 0 1.014374207 0
