ell  q
0 0
5.551303189e-05 0
0.0002220102209 0
0.0004993659047 0
0.0008873708394 0
0.001385732488 0
0.001994075423 0
0.002711941847 0
0.00353879222 0
0.004474006001 0
0.005516882502 0
0.006666641847 0
0.007922426036 0
0.009283300119 0
0.01074825346 0
0.01231620113 0
0.01398598532 0
0.01575637699 0
0.01762607741 0
0.01959372 0
0.02165787208 0
0.0238170368 0
0.02606965509 0
0.02841410774 0
0.03084871751 0
0.03337175126 0
0.03598142226 0
0.03867589244 0
0.04145327472 0
0.04431163545 0
0.04724899677 0
0.05026333917 0
0.0533526039 0
0.05651469556 0
0.05974748461 0
0.06304881 0
0.06641648168 0
0.06984828324 0
0.07334197451 0
0.07689529414 0
0.08050596221 0
0.08417168283 0
0.08789014667 0
0.09165903358 0
0.09547601508 0
0.09933875689 0
0.1032449214 0
0.1071921702 0
0.1111781664 0
0.115200577 0
0.1192570754 0
0.1233453433 0
0.1274630735 0
0.1316079716 0
0.1357777583 0
0.1399701717 0
0.1441829688 0
0.1484139281 0
0.1526608509 0
0.1569215634 0
0.1611939187 0
0.1654757979 0
0.1697651122 0
0.1740598043 0
0.1783578499 0
0.1826572589 0
0.1869560771 0
0.1912523871 0
0.1955443096 0
0.1998300047 0
0.2041076726 0
0.2083755547 0
0.2126319345 0
0.2168751383 0
0.2211035362 0
0.2253155423 0
0.2295096156 0
0.2336842604 0
0.237838027 0
0.2419695115 0
0.2460773566 0
0.2501602517 0
0.2542169329 0
0.2582461832 0
0.2622468328 0
0.2662177586 0
0.2701578844 0
0.2740661808 0
0.2779416648 0
0.2817833997 0
0.2855904949 0
0.2893621052 0
0.2930974308 0
0.2967957165 0
0.3004562515 0.0004562514623
0.3040783686 0.004078368642
0.3076614441 0.00766144411
0.3112048965 0.01120489653
0.3147081865 0.01470818649
0.3181708159 0.01817081586
0.321592327 0.02159232703
0.3249723022 0.02497230222
0.3283103627 0.02831036273
0.3316061681 0.03160616808
0.3348594153 0.0348594153
0.338069838 0.03806983802
0.3412372057 0.04123720567
0.3443613226 0.0443613226
0.3474420272 0.0474420272
0.350479191 0.050479191
0.3534727178 0.05347271779
0.3564225427 0.05642254268
0.3593286312 0.0593286312
0.3621909784 0.06219097836
0.3650096077 0.06500960772
0.3677845705 0.06778457048
0.3705159445 0.0705159445
0.3732038334 0.07320383342
0.3758483657 0.07584836567
0.3784496936 0.07844969359
0.3810079925 0.08100799246
0.3835234596 0.08352345962
0.3859963135 0.08599631354
0.3884267929 0.08842679288
0.3908151557 0.09081515567
0.3931616783 0.09316167833
0.3954666549 0.09546665486
0.397730396 0.09773039595
0.3999532281 0.09995322814
0.402135493 0.102135493
0.4042775461 0.1042775461
0.4063797566 0.1063797566
0.4084425062 0.1084425062
0.4104661881 0.1104661881
0.412451207 0.112451207
0.4143979774 0.1143979774
0.4163069236 0.1163069236
0.4181784787 0.1181784787
0.420013084 0.120013084
0.4218111879 0.1218111879
0.4235732461 0.1235732461
0.4252997201 0.1252997201
0.4269910771 0.1269910771
0.4286477891 0.1286477891
0.4302703325 0.1302703325
0.4318591875 0.1318591875
0.4334148374 0.1334148374
0.4349377685 0.1349377685
0.4364284689 0.1364284689
0.4378874287 0.1378874287
0.4393151389 0.1393151389
0.4407120917 0.1407120917
0.4420787792 0.1420787792
0.4434156936 0.1434156936
0.4447233267 0.1447233267
0.4460021692 0.1460021692
0.4472527106 0.1472527106
0.4484754389 0.1484754389
0.4496708402 0.1496708402
0.4508393981 0.1508393981
0.4519815939 0.1519815939
0.453097906 0.153097906
0.4541888096 0.1541888096
0.4552547765 0.1552547765
0.4562962751 0.1562962751
0.4573137697 0.1573137697
0.4583077209 0.1583077209
0.4592785847 0.1592785847
0.4602268127 0.1602268127
0.4611528522 0.1611528522
0.4620571454 0.1620571454
0.4629401298 0.1629401298
0.4638022377 0.1638022377
0.4646438962 0.1646438962
0.4654655273 0.1654655273
0.4662675474 0.1662675474
0.4670503675 0.1670503675
0.467814393 0.167814393
0.4685600237 0.1685600237
0.4692876536 0.1692876536
0.4699976709 0.1699976709
0.4706904581 0.1706904581
0.4713663917 0.1713663917
0.4720258425 0.1720258425
0.472669175 0.172669175
0.4732967482 0.1732967482
0.4739089149 0.1739089149
0.4745060219 0.1745060219
0.4750884102 0.1750884102
0.4756564148 0.1756564148
0.4762103647 0.1762103647
0.4767505829 0.1767505829
0.4772773868 0.1772773868
0.4777910875 0.1777910875
0.4782919907 0.1782919907
0.478780396 0.178780396
0.4792565972 0.1792565972
0.4797208826 0.1797208826
0.4801735346 0.1801735346
0.4806148302 0.1806148302
0.4810450405 0.1810450405
0.4814644314 0.1814644314
0.4818732631 0.1818732631
0.4822717906 0.1822717906
0.4826602632 0.1826602632
0.4830389254 0.1830389254
0.4834080161 0.1834080161
0.4837677692 0.1837677692
0.4841184134 0.1841184134
0.4844601727 0.1844601727
0.4847932658 0.1847932658
0.4851179066 0.1851179066
0.4854343044 0.1854343044
0.4857426637 0.1857426637
0.4860431841 0.1860431841
0.486336061 0.186336061
0.4866214851 0.1866214851
0.4868996426 0.1868996426
0.4871707156 0.1871707156
0.4874348817 0.1874348817
0.4876923144 0.1876923144
0.4879431831 0.1879431831
0.4881876531 0.1881876531
0.4884258857 0.1884258857
0.4886580384 0.1886580384
0.4888842648 0.1888842648
0.4891047149 0.1891047149
0.4893195347 0.1893195347
0.489528867 0.189528867
0.4897328508 0.1897328508
0.4899316217 0.1899316217
0.4901253119 0.1901253119
0.4903140504 0.1903140504
0.4904979628 0.1904979628
0.4906771717 0.1906771717
0.4908517964 0.1908517964
0.4910219532 0.1910219532
0.4911877555 0.1911877555
0.4913493138 0.1913493138
0.4915067356 0.1915067356
0.4916601259 0.1916601259
0.4918095866 0.1918095866
0.4919552172 0.1919552172
0.4920971145 0.1920971145
0.4922353729 0.1922353729
0.4923700842 0.1923700842
0.4925013376 0.1925013376
0.4926292204 0.1926292204
0.4927538171 0.1927538171
0.4928752102 0.1928752102
0.49299348 0.19299348
0.4931087045 0.1931087045
0.4932209597 0.1932209597
0.4933303197 0.1933303197
0.4934368562 0.1934368562
0.4935406392 0.1935406392
0.4936417369 0.1936417369
0.4937402155 0.1937402155
0.4938361393 0.1938361393
0.493929571 0.193929571
0.4940205715 0.1940205715
0.4941092 0.1941092
0.494195514 0.194195514
0.4942795695 0.1942795695
0.4943614209 0.1943614209
0.4944411211 0.1944411211
0.4945187215 0.1945187215
0.4945942719 0.1945942719
0.494667821 0.194667821
0.4947394158 0.1947394158
0.4948091022 0.1948091022
0.4948769246 0.1948769246
0.4949429263 0.1949429263
0.4950071491 0.1950071491
0.4950696338 0.1950696338
0.49513042 0.19513042
0.495189546 0.195189546
0.4952470492 0.1952470492
0.4953029655 0.1953029655
0.4953573302 0.1953573302
0.4954101773 0.1954101773
0.4954615397 0.1954615397
0.4955114495 0.1955114495
0.4955599377 0.1955599377
0.4956070344 0.1956070344
0.4956527687 0.1956527687
0.4956971689 0.1956971689
0.4957402624 0.1957402624
0.4957820755 0.1957820755
0.4958226341 0.1958226341
0.4958619629 0.1958619629
0.495900086 0.195900086
0.4959370266 0.1959370266
0.4959728071 0.1959728071
0.4960074492 0.1960074492
0.4960409741 0.1960409741
0.4960734018 0.1960734018
0.496104752 0.196104752
0.4961350436 0.1961350436
0.4961642947 0.1961642947
0.4961925228 0.1961925228
0.496219745 0.196219745
0.4962459774 0.1962459774
0.4962712356 0.1962712356
0.4962955347 0.1962955347
0.4963188892 0.1963188892
0.4963413129 0.1963413129
0.496362819 0.196362819
0.4963834202 0.1963834202
0.4964031288 0.1964031288
0.4964219563 0.1964219563
0.4964399138 0.1964399138
0.4964570119 0.1964570119
0.4964732605 0.1964732605
0.4964886693 0.1964886693
0.4965032471 0.1965032471
0.4965170026 0.1965170026
0.4965299438 0.1965299438
0.4965420781 0.1965420781
0.4965534127 0.1965534127
0.4965639542 0.1965639542
0.4965737086 0.1965737086
0.4965826817 0.1965826817
0.4965908786 0.1965908786
0.4965983042 0.1965983042
0.4966049626 0.1966049626
0.4966108579 0.1966108579
0.4966159933 0.1966159933
0.4966203718 0.1966203718
0.496623996 0.196623996
0.496626868 0.196626868
0.4966289894 0.1966289894
0.4966303614 0.1966303614
0.4966309849 0.1966309849
0.4966308602 0.1966310265
0.4966299873 0.1966310265
0.4966283656 0.1966310265
0.4966259941 0.1966310265
0.4966228716 0.1966310265
0.4966189962 0.1966310265
0.4966143657 0.1966310265
0.4966089774 0.1966310265
0.4966028281 0.1966310265
0.4965959144 0.1966310265
0.4965882323 0.1966310265
0.4965797771 0.1966310265
0.4965705442 0.1966310265
0.4965605281 0.1966310265
0.4965497229 0.1966310265
0.4965381225 0.1966310265
0.4965257201 0.1966310265
0.4965125083 0.1966310265
0.4964984796 0.1966310265
0.4964836258 0.1966310265
0.4964679381 0.1966310265
0.4964514074 0.1966310265
0.496434024 0.1966310265
0.4964157777 0.1966310265
0.4963966577 0.1966310265
0.4963766529 0.1966310265
0.4963557514 0.1966310265
0.4963339409 0.1966310265
0.4963112085 0.1966310265
0.4962875407 0.1966310265
0.4962629235 0.1966310265
0.4962373422 0.1966310265
0.4962107817 0.1966310265
0.496183226 0.1966310265
0.4961546588 0.1966310265
0.4961250629 0.1966310265
0.4960944205 0.1966310265
0.4960627132 0.1966310265
0.496029922 0.1966310265
0.495996027 0.1966310265
0.4959610078 0.1966310265
0.495924843 0.1966310265
0.4958875108 0.1966310265
0.4958489885 0.1966310265
0.4958092525 0.1966310265
0.4957682785 0.1966310265
0.4957260414 0.1966310265
0.4956825154 0.1966310265
0.4956376735 0.1966310265
0.4955914883 0.1966310265
0.495543931 0.1966310265
0.4954949724 0.1966310265
0.4954445819 0.1966310265
0.4953927282 0.1966310265
0.495339379 0.1966310265
0.4952845009 0.1966310265
0.4952280595 0.1966310265
0.4951700195 0.1966310265
0.4951103443 0.1966310265
0.4950489962 0.1966310265
0.4949859366 0.1966310265
0.4949211254 0.1966310265
0.4948545216 0.1966310265
0.4947860827 0.1966310265
0.4947157652 0.1966310265
0.4946435241 0.1966310265
0.4945693132 0.1966310265
0.4944930849 0.1966310265
0.4944147902 0.1966310265
0.4943343787 0.1966310265
0.4942517985 0.1966310265
0.4941669963 0.1966310265
0.4940799171 0.1966310265
0.4939905045 0.1966310265
0.4938987003 0.1966310265
0.4938044447 0.1966310265
0.4937076763 0.1966310265
0.493608332 0.1966310265
0.4935063466 0.1966310265
0.4934016533 0.1966310265
0.4932941836 0.1966310265
0.4931838666 0.1966310265
0.49307063 0.1966310265
0.4929543989 0.1966310265
0.4928350968 0.1966310265
0.4927126448 0.1966310265
0.4925869621 0.1966310265
0.4924579653 0.1966310265
0.492325569 0.1966310265
0.4921896854 0.1966310265
0.4920502243 0.1966310265
0.4919070932 0.1966310265
0.4917601968 0.1966310265
0.4916094374 0.1966310265
0.4914547148 0.1966310265
0.4912959259 0.1966310265
0.491132965 0.1966310265
0.4909657236 0.1966310265
0.4907940903 0.1966310265
0.4906179506 0.1966310265
0.4904371873 0.1966310265
0.4902516799 0.1966310265
0.490061305 0.1966310265
0.4898659357 0.1966310265
0.489665442 0.1966310265
0.4894596907 0.1966310265
0.4892485448 0.1966310265
0.4890318643 0.1966310265
0.4888095052 0.1966310265
0.4885813201 0.1966310265
0.4883471581 0.1966310265
0.488106864 0.1966310265
0.4878602792 0.1966310265
0.4876072411 0.1966310265
0.487347583 0.1966310265
0.487081134 0.1966310265
0.4868077195 0.1966310265
0.4865271602 0.1966310265
0.4862392728 0.1966310265
0.4859438694 0.1966310265
0.485640758 0.1966310265
0.4853297417 0.1966310265
0.4850106191 0.1966310265
0.4846831843 0.1966310265
0.4843472266 0.1966310265
0.4840025302 0.1966310265
0.4836488748 0.1966310265
0.4832860348 0.1966310265
0.4829137799 0.1966310265
0.4825318744 0.1966310265
0.4821400775 0.1966310265
0.4817381433 0.1966310265
0.4813258204 0.1966310265
0.4809028522 0.1966310265
0.4804689766 0.1966310265
0.480023926 0.1966310265
0.4795674272 0.1966310265
0.4790992015 0.1966310265
0.4786189646 0.1966310265
0.4781264263 0.1966310265
0.4776212909 0.1966310265
0.4771032566 0.1966310265
0.4765720162 0.1966310265
0.4760272563 0.1966310265
0.4754686577 0.1966310265
0.4748958954 0.1966310265
0.4743086384 0.1966310265
0.4737065496 0.1966310265
0.4730892863 0.1966310265
0.4724564995 0.1966310265
0.4718078343 0.1966310265
0.4711429301 0.1966310265
0.4704614201 0.1966310265
0.4697629317 0.1966310265
0.4690470863 0.1966310265
0.4683134996 0.1966310265
0.4675617814 0.1966310265
0.4667915357 0.1966310265
0.4660023609 0.1966310265
0.4651938497 0.1966310265
0.4643655894 0.1966310265
0.4635171615 0.1966310265
0.4626481425 0.1966310265
0.4617581035 0.1966310265
0.4608466104 0.1966310265
0.4599132241 0.1966310265
0.4589575007 0.1966310265
0.4579789915 0.1966310265
0.4569772435 0.1966310265
0.4559517988 0.1966310265
0.4549021959 0.1966310265
0.453827969 0.1966310265
0.4527286485 0.1966310265
0.4516037615 0.1966310265
0.4504528316 0.1966310265
0.4492753795 0.1966310265
0.4480709231 0.1966310265
0.4468389778 0.1966310265
0.445579057 0.1966310265
0.4442906722 0.1966310265
0.4429733332 0.1966310265
0.4416265491 0.1966310265
0.4402498279 0.1966310265
0.4388426773 0.1966310265
0.4374046052 0.1966310265
0.4359351197 0.1966310265
0.4344337301 0.1966310265
0.4328999469 0.1966310265
0.4313332825 0.1966310265
0.4297332516 0.1966310265
0.4280993719 0.1966310265
0.4264311643 0.1966310265
0.4247281539 0.1966310265
0.4229898701 0.1966310265
0.4212158477 0.1966310265
0.4194056269 0.1966310265
0.4175587545 0.1966310265
0.4156747843 0.1966310265
0.4137532777 0.1966310265
0.4117938045 0.1966310265
0.4097959436 0.1966310265
0.4077592835 0.1966310265
0.4056834234 0.1966310265
0.4035679738 0.1966310265
0.4014125572 0.1966310265
0.3992168087 0.1966310265
0.3969803775 0.1966310265
0.3947029267 0.1966310265
0.3923841352 0.1966310265
0.3900236977 0.1966310265
0.3876213258 0.1966310265
0.3851767494 0.1966310265
0.3826897166 0.1966310265
0.3801599954 0.1966310265
0.3775873744 0.1966310265
0.3749716634 0.1966310265
0.3723126947 0.1966310265
0.3696103238 0.1966310265
0.3668644305 0.1966310265
0.3640749195 0.1966310265
0.3612417219 0.1966310265
0.3583647955 0.1966310265
0.3554441262 0.1966310265
0.3524797287 0.1966310265
0.3494716475 0.1966310265
0.3464199579 0.1966310265
0.3433247666 0.1966310265
0.3401862131 0.1966310265
0.3370044703 0.1966310265
0.3337797454 0.1966310265
0.3305122808 0.1966310265
0.3272023549 0.1966310265
0.3238502831 0.1966310265
0.3204564186 0.1966310265
0.317021153 0.1966310265
0.3135449173 0.1966310265
0.3100281824 0.1966310265
0.3064714603 0.1966310265
0.3028753043 0.1966310265
0.2992403097 0.1966310265
0.2955671149 0.1966310265
0.2918564014 0.1966310265
0.2881088948 0.1966310265
0.2843253651 0.1966310265
0.2805066272 0.1966310265
0.2766535413 0.1966310265
0.2727670135 0.1966310265
0.2688479958 0.1966310265
0.2648974867 0.1966310265
0.2609165311 0.1966310265
0.2569062208 0.1966310265
0.2528676945 0.1966310265
0.2488021379 0.1966310265
0.2447107834 0.1966310265
0.2405949105 0.1966310265
0.2364558456 0.1966310265
0.2322949613 0.1966310265
0.2281136769 0.1966310265
0.2239134576 0.1966310265
0.2196958142 0.1966310265
0.2154623026 0.1966310265
0.2112145235 0.1966310265
0.2069541215 0.1966310265
0.2026827846 0.1966310265
0.1984022436 0.1966310265
0.1941142707 0.1966310265
0.1898206792 0.1966310265
0.1855233225 0.1966310265
0.1812240925 0.1966310265
0.176924919 0.1966310265
0.1726277684 0.1966310265
0.1683346423 0.1966310265
0.1640475762 0.1966310265
0.159768638 0.1966310265
0.1554999268 0.1966310265
0.1512435709 0.1966310265
0.1470017265 0.1966310265
0.1427765758 0.1966310265
0.1385703253 0.1966310265
0.134385204 0.1966310265
0.1302234612 0.1966310265
0.1260873651 0.1966310265
0.1219792 0.1966310265
0.117901265 0.1966310265
0.1138558712 0.1966310265
0.1098453399 0.1966310265
0.105872 0.1966310265
0.1019381862 0.1966310265
0.09804623606 0.1966310265
0.09419848807 0.1966310265
0.09039727897 0.1966310265
0.08664494139 0.1966310265
0.08294380131 0.1966310265
0.07929617556 0.1966310265
0.07570436927 0.1966310265
0.0721706733 0.1966310265
0.06869736166 0.1966310265
0.06528668894 0.1966310265
0.06194088768 0.1966310265
0.05866216577 0.1966310265
0.0554527039 0.1966310265
0.0523146529 0.1966310265
0.04925013122 0.1966310265
0.04626122232 0.1966310265
0.04334997214 0.1966310265
0.0405183866 0.1966310265
0.03776842909 0.1966310265
0.035102018 0.1966310265
0.03252102434 0.1966310265
0.03002726932 0.1966310265
0.02762252207 0.1966310265
0.02530849733 0.1966310265
0.02308685325 0.1966310265
0.02095918921 0.1966310265
0.01892704378 0.1966310265
0.01699189261 0.1966310265
0.01515514658 0.1966310265
0.01341814984 0.1966310265
0.01178217808 0.1966310265
0.01024843678 0.1966310265
0.008818059612 0.1966310265
0.007492106911 0.1966310265
0.006271564228 0.1966310265
0.005157341 0.1966310265
0.004150269308 0.1966310265
0.003251102748 0.1966310265
0.002460515393 0.1966310265
0.001779100872 0.1966310265
0.001207371555 0.1966310265
0.0007457578479 0.1966310265
0.0003946075987 0.1966310265
0.0001541856198 0.1966310265
2.467332104e-05 0.1966310265
0 0.1966310265
