q  E
-0.2 0.08035634012
-0.1965 0.07763587427
-0.193 0.07497447021
-0.1895 0.07237141307
-0.186 0.06982599153
-0.1825 0.0673374979
-0.179 0.06490522809
-0.1755 0.0625284816
-0.172 0.06020656156
-0.1685 0.05793877466
-0.165 0.05572443122
-0.1615 0.05356284516
-0.158 0.05145333399
-0.1545 0.04939521883
-0.151 0.04738782439
-0.1475 0.045430479
-0.144 0.04352251458
-0.1405 0.04166326665
-0.137 0.03985207434
-0.1335 0.03808828037
-0.13 0.03637123108
-0.1265 0.03470027638
-0.123 0.03307476981
-0.1195 0.03149406851
-0.116 0.0299575332
-0.1125 0.02846452823
-0.109 0.02701442153
-0.1055 0.02560658463
-0.102 0.02424039268
-0.0985 0.02291522441
-0.095 0.02163046218
-0.0915 0.02038549192
-0.088 0.01917970319
-0.0845 0.01801248912
-0.081 0.01688324647
-0.0775 0.01579137558
-0.074 0.01473628042
-0.0705 0.01371736853
-0.067 0.01273405106
-0.0635 0.01178574278
-0.06 0.01087186204
-0.0565 0.009991830793
-0.053 0.009145074612
-0.0495 0.008331022654
-0.046 0.007549107683
-0.0425 0.006798766064
-0.039 0.006079437764
-0.0355 0.005390566351
-0.032 0.004731598995
-0.0285 0.004101986467
-0.025 0.00350118314
-0.0215 0.002928646988
-0.018 0.002383839587
-0.0145 0.001866226114
-0.011 0.001375275347
-0.0075 0.0009104596685
-0.004 0.0004712550584
-0.0005 5.714110036e-05
0.003 -0.0003323990208
0.0065 -0.0006978785188
0.01 -0.001039807006
0.0135 -0.001358690493
0.017 -0.001655031389
0.0205 -0.001929328502
0.024 -0.002182077038
0.0275 -0.002413768602
0.031 -0.002624891197
0.0345 -0.002815929225
0.038 -0.002987363486
0.0415 -0.003139671179
0.045 -0.003273325902
0.0485 -0.003388797649
0.052 -0.003486552815
0.0555 -0.003567054193
0.059 -0.003630760974
0.0625 -0.003678128748
0.066 -0.003709609503
0.0695 -0.003725651626
0.073 -0.003726699902
0.0765 -0.003713195515
0.08 -0.003685576047
0.0835 -0.003644275479
0.087 -0.00358972419
0.0905 -0.003522348958
0.094 -0.003442572959
0.0975 -0.003350815768
0.101 -0.003247493359
0.1045 -0.003133018102
0.108 -0.003007798768
0.1115 -0.002872240526
0.115 -0.002726744943
0.1185 -0.002571709985
0.122 -0.002407530016
0.1255 -0.002234595799
0.129 -0.002053294495
0.1325 -0.001864009664
0.136 -0.001667121264
0.1395 -0.001463005652
0.143 -0.001252035583
0.1465 -0.001034580211
0.15 -0.0008110050884
0.1535 -0.0005816721654
0.157 -0.0003469397915
0.1605 -0.0001071627145
0.164 0.0001373079194
0.1675 0.0003861245654
0.171 0.0006389432803
0.1745 0.0008954237223
0.178 0.001155229151
0.1815 0.001418026428
0.185 0.001683486016
0.1885 0.001951281979
0.192 0.002221091983
0.1955 0.002492597295
0.199 0.002765482784
0.2025 0.00303943692
0.206 0.003314151775
0.2095 0.003589323022
0.213 0.003864649936
0.2165 0.004139835393
0.22 0.00441458587
0.2235 0.004688611448
0.227 0.004961625807
0.2305 0.005233346229
0.234 0.005503493598
0.2375 0.005771792399
0.241 0.006037970719
0.2445 0.006301760246
0.248 0.00656289627
0.2515 0.006821117682
0.255 0.007076166975
0.2585 0.007327790243
0.262 0.007575737182
0.2655 0.007819761089
0.269 0.008059618863
0.2725 0.008295071004
0.276 0.008525881613
0.2795 0.008751818395
0.283 0.008972652654
0.2865 0.009188159296
0.29 0.009398116829
0.2935 0.009602307362
0.297 0.009800516606
0.3005 0.009992533873
0.304 0.01017815208
0.3075 0.01035716773
0.311 0.01052938096
0.3145 0.01069459547
0.318 0.01085261859
0.3215 0.01100326124
0.325 0.01114633793
0.3285 0.01128166681
0.332 0.01140906958
0.3355 0.01152837158
0.339 0.01163940174
0.3425 0.01174199259
0.346 0.01183598025
0.3495 0.01192120447
0.353 0.01199750857
0.3565 0.0120647395
0.36 0.01212274779
0.3635 0.01217138758
0.367 0.0122105166
0.3705 0.01223999622
0.374 0.01225969136
0.3775 0.01226947057
0.381 0.012269206
0.3845 0.01225877339
0.388 0.01223805211
0.3915 0.01220692509
0.395 0.01216527889
0.3985 0.01211300367
0.402 0.01204999318
0.4055 0.01197614478
0.409 0.01189135942
0.4125 0.01179554167
0.416 0.01168859969
0.4195 0.01157044524
0.423 0.01144099369
0.4265 0.011300164
0.43 0.01114787875
0.4335 0.01098406409
0.437 0.0108086498
0.4405 0.01062156926
0.444 0.01042275943
0.4475 0.0102121609
0.451 0.009989717835
0.4545 0.009755378017
0.458 0.009509092826
0.4615 0.009250817243
0.465 0.008980509851
0.4685 0.008698132834
0.472 0.008403651978
0.4755 0.00809703667
0.479 0.007778259899
0.4825 0.007447298255
0.486 0.00710413193
0.4895 0.006748744717
0.493 0.006381124011
0.4965 0.006001260808
0.5 0.005609149705
0.5035 0.005204788903
0.507 0.004788180202
0.5105 0.004359329004
0.514 0.003918244313
0.5175 0.003464938734
0.521 0.002999428474
0.5245 0.002521733341
0.528 0.002031876745
0.5315 0.001529885697
0.535 0.00101579081
0.5385 0.0004896262978
0.542 -4.857002331e-05
0.5455 -0.0005987567363
0.549 -0.001160888822
0.5525 -0.001734917661
0.556 -0.002320791032
0.5595 -0.00291845311
0.563 -0.003527844471
0.5665 -0.004148902089
0.57 -0.004781559336
0.5735 -0.005425745983
0.577 -0.006081388199
0.5805 -0.006748408552
0.584 -0.007426726008
0.5875 -0.008116255932
0.591 -0.008816910087
0.5945 -0.009528596635
0.598 -0.01025122014
0.6015 -0.01098468155
0.605 -0.01172887823
0.6085 -0.01248370394
0.612 -0.01324904882
0.6155 -0.01402479944
0.619 -0.01481083874
0.6225 -0.01560704608
0.626 -0.01641329719
0.6295 -0.01722946424
0.633 -0.01805541575
0.6365 -0.01889101668
0.64 -0.01973612838
0.6435 -0.02059060857
0.647 -0.0214543114
0.6505 -0.02232708741
0.654 -0.02320878353
0.6575 -0.0240992431
0.661 -0.02499830585
0.6645 -0.02590580791
0.668 -0.02682158182
0.6715 -0.0277454565
0.675 -0.02867725727
0.6785 -0.02961680587
0.682 -0.03056392043
0.6855 -0.03151841545
0.689 -0.03248010186
0.6925 -0.03344878699
0.696 -0.03442427455
0.6995 -0.03540636466
0.703 -0.03639485383
0.7065 -0.03738953498
0.71 -0.03839019742
0.7135 -0.03939662686
0.717 -0.0404086054
0.7205 -0.04142591156
0.724 -0.04244832025
0.7275 -0.04347560276
0.731 -0.04450752681
0.7345 -0.04554385649
0.738 -0.0465843523
0.7415 -0.04762877114
0.745 -0.04867686631
0.7485 -0.04972838751
0.752 -0.05078308083
0.7555 -0.05184068876
0.759 -0.05290095019
0.7625 -0.05396360041
0.766 -0.05502837112
0.7695 -0.05609499039
0.773 -0.05716318271
0.7765 -0.05823266898
0.78 -0.05930316646
0.7835 -0.06037438884
0.787 -0.0614460462
0.7905 -0.06251784502
0.794 -0.06358948817
0.7975 -0.06466067493
0.801 -0.06573110097
0.8045 -0.06680045836
0.808 -0.06786843558
0.8115 -0.06893471749
0.815 -0.06999898536
0.8185 -0.07106091685
0.822 -0.07212018603
0.8255 -0.07317646336
0.829 -0.07422941571
0.8325 -0.07527870633
0.836 -0.07632399488
0.8395 -0.07736493741
0.843 -0.0784011864
0.8465 -0.07943239067
0.85 -0.0804581955
0.8535 -0.08147824253
0.857 -0.0824921698
0.8605 -0.08349961178
0.864 -0.08450019929
0.8675 -0.0854935596
0.871 -0.08647931633
0.8745 -0.08745708954
0.878 -0.08842649566
0.8815 -0.08938714753
0.885 -0.0903386544
0.8885 -0.09128062188
0.892 -0.09221265203
0.8955 -0.09313434327
0.899 -0.09404529043
0.9025 -0.09494508474
0.906 -0.09583331384
0.9095 -0.09670956174
0.913 -0.09757340888
0.9165 -0.09842443207
0.92 -0.09926220454
0.9235 -0.1000862959
0.927 -0.1008962722
0.9305 -0.1016916958
0.934 -0.1024721256
0.9375 -0.1032371168
0.941 -0.1039862209
0.9445 -0.104718986
0.948 -0.1054349565
0.9515 -0.1061336733
0.955 -0.1068146734
0.9585 -0.1074774906
0.962 -0.1081216548
0.9655 -0.1087466925
0.969 -0.1093521263
0.9725 -0.1099374757
0.976 -0.110502256
0.9795 -0.1110459794
0.983 -0.1115681542
0.9865 -0.1120682852
0.99 -0.1125458736
0.9935 -0.113000417
0.997 -0.1134314094
1.0005 -0.1138383412
1.004 -0.1142206991
1.0075 -0.1145779664
1.011 -0.1149096227
1.0145 -0.1152151438
1.018 -0.1154940022
1.0215 -0.1157456667
1.025 -0.1159696025
1.0285 -0.1161652711
1.032 -0.1163321304
1.0355 -0.116469635
1.039 -0.1165772355
1.0425 -0.1166543791
1.046 -0.1167005094
1.0495 -0.1167150663
1.053 -0.1166974862
1.0565 -0.116647202
1.06 -0.1165636426
1.0635 -0.1164462338
1.067 -0.1162943974
1.0705 -0.1161075518
1.074 -0.1158851119
1.0775 -0.1156264886
1.081 -0.1153310896
1.0845 -0.1149983189
1.088 -0.1146275767
1.0915 -0.1142182599
1.095 -0.1137697615
1.0985 -0.1132814712
1.102 -0.1127527748
1.1055 -0.1121830548
1.109 -0.1115716898
1.1125 -0.110918055
1.116 -0.1102215219
1.1195 -0.1094814585
1.123 -0.1086972291
1.1265 -0.1078681945
1.13 -0.1069937117
1.1335 -0.1060731343
1.137 -0.1051058122
1.1405 -0.1040910918
1.144 -0.1030283158
1.1475 -0.1019168233
1.151 -0.1007559498
1.1545 -0.09954502725
1.158 -0.09828338399
1.1615 -0.09697034472
1.165 -0.09560523056
1.1685 -0.09418735903
1.172 -0.09271604403
1.1755 -0.09119059589
1.179 -0.08961032131
1.1825 -0.08797452341
1.186 -0.08628250168
1.1895 -0.08453355205
1.193 -0.0827269668
1.1965 -0.08086203465
1.2 -0.07893804071
