t  S  q  ell
0 0 0 0
0.0015 0.0001110322276 0 5.551303189e-05
0.003 0.000444119048 0 0.0002220102209
0.0045 0.0009992308744 0 0.0004993659047
0.006 0.001776318399 0 0.0008873708394
0.0075 0.002775312595 0 0.001385732488
0.009 0.003996124728 0 0.001994075423
0.0105 0.005438646356 0 0.002711941847
0.012 0.007102749348 0 0.00353879222
0.0135 0.008988285889 0 0.004474006001
0.015 0.01109508849 0 0.005516882502
0.0165 0.01342297002 0 0.006666641847
0.018 0.0159717237 0 0.007922426036
0.0195 0.01874112313 0 0.009283300119
0.021 0.02173092233 0 0.01074825346
0.0225 0.02494085571 0 0.01231620113
0.024 0.02837063816 0 0.01398598532
0.0255 0.03201996501 0 0.01575637699
0.027 0.03588851213 0 0.01762607741
0.0285 0.03997593587 0 0.01959372
0.03 0.04428187318 0 0.02165787208
0.0315 0.04880594157 0 0.0238170368
0.033 0.05354773919 0 0.02606965509
0.0345 0.05850684484 0 0.02841410774
0.036 0.06368281803 0 0.03084871751
0.0375 0.06907519901 0 0.03337175126
0.039 0.07468350877 0 0.03598142226
0.0405 0.08050724918 0 0.03867589244
0.042 0.08654590292 0 0.04145327472
0.0435 0.0927989336 0 0.04431163545
0.045 0.09926578581 0 0.04724899677
0.0465 0.1059458851 0 0.05026333917
0.048 0.1128386381 0 0.0533526039
0.0495 0.1199434326 0 0.05651469556
0.051 0.1272596375 0 0.05974748461
0.0525 0.1347866029 0 0.06304881
0.054 0.1425236603 0 0.06641648168
0.0555 0.1504701223 0 0.06984828324
0.057 0.1586252831 0 0.07334197451
0.0585 0.1669884184 0 0.07689529414
0.06 0.1755587853 0 0.08050596221
0.0615 0.1843356225 0 0.08417168283
0.063 0.1933181503 0 0.08789014667
0.0645 0.202505571 0 0.09165903358
0.066 0.2118970684 0 0.09547601508
0.0675 0.2214918084 0 0.09933875689
0.069 0.2312889386 0.003244921421 0.1032449214
0.0705 0.2412875889 0.00719217023 0.1071921702
0.072 0.2514868711 0.01117816642 0.1111781664
0.0735 0.2618858792 0.01520057703 0.115200577
0.075 0.2724836895 0.01925707537 0.1192570754
0.0765 0.2832793607 0.0233453433 0.1233453433
0.078 0.2942719339 0.02746307348 0.1274630735
0.0795 0.3054604326 0.03160797156 0.1316079716
0.081 0.316843863 0.0357777583 0.1357777583
0.0825 0.3284212139 0.03997017166 0.1399701717
0.084 0.340191457 0.04418296881 0.1441829688
0.0855 0.3521535468 0.04841392808 0.1484139281
0.087 0.3643064208 0.05266085086 0.1526608509
0.0885 0.3766489993 0.05692156343 0.1569215634
0.09 0.3891801862 0.06119391869 0.1611939187
0.0915 0.4018988684 0.06547579789 0.1654757979
0.093 0.414803916 0.06976511221 0.1697651122
0.0945 0.4278941827 0.07405980433 0.1740598043
0.096 0.4411685059 0.07835784989 0.1783578499
0.0975 0.4546257064 0.08265725891 0.1826572589
0.099 0.4682645889 0.08695607708 0.1869560771
0.1005 0.4820839419 0.09125238706 0.1912523871
0.102 0.4960825378 0.09554430961 0.1955443096
0.1035 0.5102591333 0.09983000471 0.1998300047
0.105 0.5246124691 0.1041076726 0.2041076726
0.1065 0.5391412702 0.1083755547 0.2083755547
0.108 0.5538442461 0.1126319345 0.2126319345
0.1095 0.5687200908 0.1168751383 0.2168751383
0.111 0.583767483 0.1211035362 0.2211035362
0.1125 0.598985086 0.1253155423 0.2253155423
0.114 0.6143715482 0.1295096156 0.2295096156
0.1155 0.6299255027 0.1336842604 0.2336842604
0.117 0.6456455682 0.137838027 0.237838027
0.1185 0.661530348 0.1419695115 0.2419695115
0.12 0.6775784314 0.1460773566 0.2460773566
0.1215 0.6937883929 0.1501602517 0.2501602517
0.123 0.7101587924 0.1542169329 0.2542169329
0.1245 0.7266881761 0.1582461832 0.2582461832
0.126 0.7433750755 0.1622468328 0.2622468328
0.1275 0.7602180085 0.1662177586 0.2662177586
0.129 0.777215479 0.1701578844 0.2701578844
0.1305 0.7943659772 0.1740661808 0.2740661808
0.132 0.8116679797 0.1779416648 0.2779416648
0.1335 0.8291199496 0.1817833997 0.2817833997
0.135 0.8467203367 0.1855904949 0.2855904949
0.1365 0.8644675777 0.1893621052 0.2893621052
0.138 0.8823600961 0.1930974308 0.2930974308
0.1395 0.9003963026 0.1967957165 0.2967957165
0.141 0.9185745952 0.2004562515 0.3004562515
0.1425 0.9368933592 0.2040783686 0.3040783686
0.144 0.9553509673 0.2076614441 0.3076614441
0.1455 0.97394578 0.2112048965 0.3112048965
0.147 0.9926761458 0.2147081865 0.3147081865
0.1485 1.011540401 0.2181708159 0.3181708159
0.15 1.030536869 0.221592327 0.321592327
0.1515 1.049663864 0.2249723022 0.3249723022
0.153 1.068919686 0.2283103627 0.3283103627
0.1545 1.088302625 0.2316061681 0.3316061681
0.156 1.107810959 0.2348594153 0.3348594153
0.1575 1.127442955 0.238069838 0.338069838
0.159 1.14719687 0.2412372057 0.3412372057
0.1605 1.167070948 0.2443613226 0.3443613226
0.162 1.187063425 0.2474420272 0.3474420272
0.1635 1.207172525 0.250479191 0.350479191
0.165 1.227396461 0.2534727178 0.3534727178
0.1665 1.247733437 0.2564225427 0.3564225427
0.168 1.268181646 0.2593286312 0.3593286312
0.1695 1.288739273 0.2621909784 0.3621909784
0.171 1.309404491 0.2650096077 0.3650096077
0.1725 1.330175464 0.2677845705 0.3677845705
0.174 1.351050348 0.2705159445 0.3705159445
0.1755 1.372027289 0.2732038334 0.3732038334
0.177 1.393104422 0.2758483657 0.3758483657
0.1785 1.414279877 0.2784496936 0.3784496936
0.18 1.435551771 0.2810079925 0.3810079925
0.1815 1.456918216 0.2835234596 0.3835234596
0.183 1.478377313 0.2859963135 0.3859963135
0.1845 1.499927157 0.2884267929 0.3884267929
0.186 1.521565833 0.2908151557 0.3908151557
0.1875 1.543291419 0.2931616783 0.3931616783
0.189 1.565101986 0.2954666549 0.3954666549
0.1905 1.586995595 0.297730396 0.397730396
0.192 1.608970303 0.2999532281 0.3999532281
0.1935 1.631024158 0.302135493 0.402135493
0.195 1.653155199 0.3042775461 0.4042775461
0.1965 1.675361463 0.3063797566 0.4063797566
0.198 1.697640975 0.3084425062 0.4084425062
0.1995 1.719991758 0.3104661881 0.4104661881
0.201 1.742411826 0.312451207 0.412451207
0.2025 1.764899187 0.3143979774 0.4143979774
0.204 1.787451844 0.3163069236 0.4163069236
0.2055 1.810067793 0.3181784787 0.4181784787
0.207 1.832745027 0.320013084 0.420013084
0.2085 1.855481529 0.3218111879 0.4218111879
0.21 1.878275282 0.3235732461 0.4235732461
0.2115 1.90112426 0.3252997201 0.4252997201
0.213 1.924026433 0.3269910771 0.4269910771
0.2145 1.946979768 0.3286477891 0.4286477891
0.216 1.969982225 0.3302703325 0.4302703325
0.2175 1.993031762 0.3318591875 0.4318591875
0.219 2.01612633 0.3334148374 0.4334148374
0.2205 2.039263879 0.3349377685 0.4349377685
0.222 2.062442353 0.3364284689 0.4364284689
0.2235 2.085659693 0.3378874287 0.4378874287
0.225 2.108913837 0.3393151389 0.4393151389
0.2265 2.13220272 0.3407120917 0.4407120917
0.228 2.155524273 0.3420787792 0.4420787792
0.2295 2.178876424 0.3434156936 0.4434156936
0.231 2.2022571 0.3447233267 0.4447233267
0.2325 2.225664222 0.3460021692 0.4460021692
0.234 2.249095713 0.3472527106 0.4472527106
0.2355 2.27254949 0.3484754389 0.4484754389
0.237 2.296023471 0.3496708402 0.4496708402
0.2385 2.31951557 0.3508393981 0.4508393981
0.24 2.343023701 0.3519815939 0.4519815939
0.2415 2.366545776 0.353097906 0.453097906
0.243 2.390079704 0.3541888096 0.4541888096
0.2445 2.413623397 0.3552547765 0.4552547765
0.246 2.437174761 0.3562962751 0.4562962751
0.2475 2.460731707 0.3573137697 0.4573137697
0.249 2.48429214 0.3583077209 0.4583077209
0.2505 2.507853969 0.3592785847 0.4592785847
0.252 2.5314151 0.3602268127 0.4602268127
0.2535 2.55497344 0.3611528522 0.4611528522
0.255 2.578526898 0.3620571454 0.4620571454
0.2565 2.60207338 0.3629401298 0.4629401298
0.258 2.625610795 0.3638022377 0.4638022377
0.2595 2.649137053 0.3646438962 0.4646438962
0.261 2.672650064 0.3654655273 0.4654655273
0.2625 2.696147739 0.3662675474 0.4662675474
0.264 2.719627991 0.3670503675 0.4670503675
0.2655 2.743088735 0.367814393 0.467814393
0.267 2.766527886 0.3685600237 0.4685600237
0.2685 2.789943362 0.3692876536 0.4692876536
0.27 2.813333084 0.3699976709 0.4699976709
0.2715 2.836694974 0.3706904581 0.4706904581
0.273 2.860026956 0.3713663917 0.4713663917
0.2745 2.883326959 0.3720258425 0.4720258425
0.276 2.906592913 0.372669175 0.472669175
0.2775 2.929822751 0.3732967482 0.4732967482
0.279 2.953014409 0.3739089149 0.4739089149
0.2805 2.976165828 0.3745060219 0.4745060219
0.282 2.999274951 0.3750884102 0.4750884102
0.2835 3.022339726 0.3756564148 0.4756564148
0.285 3.045358103 0.3762103647 0.4762103647
0.2865 3.068328039 0.3767505829 0.4767505829
0.288 3.091247493 0.3772773868 0.4772773868
0.2895 3.114114428 0.3777910875 0.4777910875
0.291 3.136926814 0.3782919907 0.4782919907
0.2925 3.159682625 0.378780396 0.478780396
0.294 3.182379839 0.3792565972 0.4792565972
0.2955 3.20501644 0.3797208826 0.4797208826
0.297 3.227590417 0.3801735346 0.4801735346
0.2985 3.250099766 0.3806148302 0.4806148302
0.3 3.272542486 0.3810450405 0.4810450405
0.3015 3.294916585 0.3814644314 0.4814644314
0.303 3.317220074 0.3818732631 0.4818732631
0.3045 3.339450973 0.3822717906 0.4822717906
0.306 3.361607308 0.3826602632 0.4826602632
0.3075 3.383687109 0.3830389254 0.4830389254
0.309 3.405688417 0.3834080161 0.4834080161
0.3105 3.427609276 0.3837677692 0.4837677692
0.312 3.449447739 0.3841184134 0.4841184134
0.3135 3.471201867 0.3844601727 0.4844601727
0.315 3.492869727 0.3847932658 0.4847932658
0.3165 3.514449394 0.3851179066 0.4851179066
0.318 3.535938952 0.3854343044 0.4854343044
0.3195 3.557336493 0.3857426637 0.4857426637
0.321 3.578640114 0.3860431841 0.4860431841
0.3225 3.599847925 0.386336061 0.486336061
0.324 3.62095804 0.3866214851 0.4866214851
0.3255 3.641968586 0.3868996426 0.4868996426
0.327 3.662877695 0.3871707156 0.4871707156
0.3285 3.683683511 0.3874348817 0.4874348817
0.33 3.704384185 0.3876923144 0.4876923144
0.3315 3.724977879 0.3879431831 0.4879431831
0.333 3.745462763 0.3881876531 0.4881876531
0.3345 3.765837018 0.3884258857 0.4884258857
0.336 3.786098834 0.3886580384 0.4886580384
0.3375 3.806246412 0.3888842648 0.4888842648
0.339 3.826277961 0.3891047149 0.4891047149
0.3405 3.846191702 0.3893195347 0.4893195347
0.342 3.865985867 0.389528867 0.489528867
0.3435 3.885658697 0.3897328508 0.4897328508
0.345 3.905208445 0.3899316217 0.4899316217
0.3465 3.924633374 0.3901253119 0.4901253119
0.348 3.943931759 0.3903140504 0.4903140504
0.3495 3.963101885 0.3904979628 0.4904979628
0.351 3.98214205 0.3906771717 0.4906771717
0.3525 4.001050563 0.3908517964 0.4908517964
0.354 4.019825744 0.3910219532 0.4910219532
0.3555 4.038465925 0.3911877555 0.4911877555
0.357 4.056969451 0.3913493138 0.4913493138
0.3585 4.075334678 0.3915067356 0.4915067356
0.36 4.093559974 0.3916601259 0.4916601259
0.3615 4.111643722 0.3918095866 0.4918095866
0.363 4.129584313 0.3919552172 0.4919552172
0.3645 4.147380156 0.3920971145 0.4920971145
0.366 4.165029669 0.3922353729 0.4922353729
0.3675 4.182531284 0.3923700842 0.4923700842
0.369 4.199883447 0.3925013376 0.4925013376
0.3705 4.217084616 0.3926292204 0.4926292204
0.372 4.234133265 0.3927538171 0.4927538171
0.3735 4.251027877 0.3928752102 0.4928752102
0.375 4.267766953 0.39299348 0.49299348
0.3765 4.284349006 0.3931087045 0.4931087045
0.378 4.300772562 0.3932209597 0.4932209597
0.3795 4.317036164 0.3933303197 0.4933303197
0.381 4.333138366 0.3934368562 0.4934368562
0.3825 4.349077737 0.3935406392 0.4935406392
0.384 4.364852864 0.3936417369 0.4936417369
0.3855 4.380462343 0.3937402155 0.4937402155
0.387 4.395904788 0.3938361393 0.4938361393
0.3885 4.411178829 0.393929571 0.493929571
0.39 4.426283107 0.3940205715 0.4940205715
0.3915 4.441216282 0.3941092 0.4941092
0.393 4.455977026 0.394195514 0.494195514
0.3945 4.47056403 0.3942795695 0.4942795695
0.396 4.484975997 0.3943614209 0.4943614209
0.3975 4.499211646 0.3944411211 0.4944411211
0.399 4.513269714 0.3945187215 0.4945187215
0.4005 4.527148952 0.3945942719 0.4945942719
0.402 4.540848127 0.394667821 0.494667821
0.4035 4.554366022 0.3947394158 0.4947394158
0.405 4.567701436 0.3948091022 0.4948091022
0.4065 4.580853185 0.3948769246 0.4948769246
0.408 4.5938201 0.3949429263 0.4949429263
0.4095 4.60660103 0.3950071491 0.4950071491
0.411 4.61919484 0.3950696338 0.4950696338
0.4125 4.631600411 0.39513042 0.49513042
0.414 4.64381664 0.395189546 0.495189546
0.4155 4.655842444 0.3952470492 0.4952470492
0.417 4.667676753 0.3953029655 0.4953029655
0.4185 4.679318516 0.3953573302 0.4953573302
0.42 4.6907667 0.3954101773 0.4954101773
0.4215 4.702020287 0.3954615397 0.4954615397
0.423 4.713078278 0.3955114495 0.4955114495
0.4245 4.723939691 0.3955599377 0.4955599377
0.426 4.73460356 0.3956070344 0.4956070344
0.4275 4.745068939 0.3956527687 0.4956527687
0.429 4.755334898 0.3956971689 0.4956971689
0.4305 4.765400526 0.3957402624 0.4957402624
0.432 4.775264927 0.3957820755 0.4957820755
0.4335 4.784927226 0.3958226341 0.4958226341
0.435 4.794386564 0.3958619629 0.4958619629
0.4365 4.803642102 0.395900086 0.495900086
0.438 4.812693017 0.3959370266 0.4959370266
0.4395 4.821538505 0.3959728071 0.4959728071
0.441 4.830177781 0.3960074492 0.4960074492
0.4425 4.838610077 0.3960409741 0.4960409741
0.444 4.846834644 0.3960734018 0.4960734018
0.4455 4.854850752 0.396104752 0.496104752
0.447 4.862657688 0.3961350436 0.4961350436
0.4485 4.870254759 0.3961642947 0.4961642947
0.45 4.877641291 0.3961925228 0.4961925228
0.4515 4.884816626 0.396219745 0.496219745
0.453 4.891780129 0.3962459774 0.4962459774
0.4545 4.89853118 0.3962712356 0.4962712356
0.456 4.905069179 0.3962955347 0.4962955347
0.4575 4.911393546 0.3963188892 0.4963188892
0.459 4.917503719 0.3963413129 0.4963413129
0.4605 4.923399156 0.396362819 0.496362819
0.462 4.929079332 0.3963834202 0.4963834202
0.4635 4.934543744 0.3964031288 0.4964031288
0.465 4.939791905 0.3964219563 0.4964219563
0.4665 4.94482335 0.3964399138 0.4964399138
0.468 4.949637631 0.3964570119 0.4964570119
0.4695 4.954234321 0.3964732605 0.4964732605
0.471 4.958613012 0.3964886693 0.4964886693
0.4725 4.962773315 0.3965032471 0.4965032471
0.474 4.966714861 0.3965170026 0.4965170026
0.4755 4.970437298 0.3965299438 0.4965299438
0.477 4.973940297 0.3965420781 0.4965420781
0.4785 4.977223546 0.3965534127 0.4965534127
0.48 4.980286753 0.3965639542 0.4965639542
0.4815 4.983129648 0.3965737086 0.4965737086
0.483 4.985751976 0.3965826817 0.4965826817
0.4845 4.988153506 0.3965908786 0.4965908786
0.486 4.990334023 0.3965983042 0.4965983042
0.4875 4.992293334 0.3966049626 0.4966049626
0.489 4.994031266 0.3966108579 0.4966108579
0.4905 4.995547663 0.3966159933 0.4966159933
0.492 4.996842392 0.3966203718 0.4966203718
0.4935 4.997915336 0.396623996 0.496623996
0.495 4.998766401 0.396626868 0.496626868
0.4965 4.999395511 0.3966289894 0.4966289894
0.498 4.999802611 0.3966303614 0.4966303614
0.4995 4.999987663 0.3966309849 0.4966309849
0.501 4.999950652 0.3966310265 0.4966308602
0.5025 4.999691581 0.3966310265 0.4966299873
0.504 4.999210473 0.3966310265 0.4966283656
0.5055 4.998507371 0.3966310265 0.4966259941
0.507 4.997582337 0.3966310265 0.4966228716
0.5085 4.996435453 0.3966310265 0.4966189962
0.51 4.995066821 0.3966310265 0.4966143657
0.5115 4.993476563 0.3966310265 0.4966089774
0.513 4.99166482 0.3966310265 0.4966028281
0.5145 4.989631753 0.3966310265 0.4965959144
0.516 4.987377542 0.3966310265 0.4965882323
0.5175 4.984902389 0.3966310265 0.4965797771
0.519 4.982206511 0.3966310265 0.4965705442
0.5205 4.97929015 0.3966310265 0.4965605281
0.522 4.976153564 0.3966310265 0.4965497229
0.5235 4.972797032 0.3966310265 0.4965381225
0.525 4.969220851 0.3966310265 0.4965257201
0.5265 4.965425341 0.3966310265 0.4965125083
0.528 4.961410836 0.3966310265 0.4964984796
0.5295 4.957177695 0.3966310265 0.4964836258
0.531 4.952726294 0.3966310265 0.4964679381
0.5325 4.948057027 0.3966310265 0.4964514074
0.534 4.943170309 0.3966310265 0.496434024
0.5355 4.938066575 0.3966310265 0.4964157777
0.537 4.932746277 0.3966310265 0.4963966577
0.5385 4.92720989 0.3966310265 0.4963766529
0.54 4.921457903 0.3966310265 0.4963557514
0.5415 4.915490828 0.3966310265 0.4963339409
0.543 4.909309196 0.3966310265 0.4963112085
0.5445 4.902913554 0.3966310265 0.4962875407
0.546 4.896304473 0.3966310265 0.4962629235
0.5475 4.889482537 0.3966310265 0.4962373422
0.549 4.882448354 0.3966310265 0.4962107817
0.5505 4.875202548 0.3966310265 0.496183226
0.552 4.867745762 0.3966310265 0.4961546588
0.5535 4.86007866 0.3966310265 0.4961250629
0.555 4.852201922 0.3966310265 0.4960944205
0.5565 4.844116248 0.3966310265 0.4960627132
0.558 4.835822356 0.3966310265 0.496029922
0.5595 4.827320983 0.3966310265 0.495996027
0.561 4.818612883 0.3966310265 0.4959610078
0.5625 4.809698831 0.3966310265 0.495924843
0.564 4.800579618 0.3966310265 0.4958875108
0.5655 4.791256055 0.3966310265 0.4958489885
0.567 4.781728969 0.3966310265 0.4958092525
0.5685 4.771999206 0.3966310265 0.4957682785
0.57 4.762067631 0.3966310265 0.4957260414
0.5715 4.751935127 0.3966310265 0.4956825154
0.573 4.741602592 0.3966310265 0.4956376735
0.5745 4.731070945 0.3966310265 0.4955914883
0.576 4.720341122 0.3966310265 0.495543931
0.5775 4.709414075 0.3966310265 0.4954949724
0.579 4.698290775 0.3966310265 0.4954445819
0.5805 4.686972211 0.3966310265 0.4953927282
0.582 4.675459387 0.3966310265 0.495339379
0.5835 4.663753326 0.3966310265 0.4952845009
0.585 4.651855068 0.3966310265 0.4952280595
0.5865 4.639765669 0.3966310265 0.4951700195
0.588 4.627486204 0.3966310265 0.4951103443
0.5895 4.615017764 0.3966310265 0.4950489962
0.591 4.602361456 0.3966310265 0.4949859366
0.5925 4.589518403 0.3966310265 0.4949211254
0.594 4.576489748 0.3966310265 0.4948545216
0.5955 4.563276647 0.3966310265 0.4947860827
0.597 4.549880273 0.3966310265 0.4947157652
0.5985 4.536301818 0.3966310265 0.4946435241
0.6 4.522542486 0.3966310265 0.4945693132
0.6015 4.5086035 0.3966310265 0.4944930849
0.603 4.494486099 0.3966310265 0.4944147902
0.6045 4.480191536 0.3966310265 0.4943343787
0.606 4.46572108 0.3966310265 0.4942517985
0.6075 4.451076018 0.3966310265 0.4941669963
0.609 4.43625765 0.3966310265 0.4940799171
0.6105 4.421267293 0.3966310265 0.4939905045
0.612 4.406106278 0.3966310265 0.4938987003
0.6135 4.390775951 0.3966310265 0.4938044447
0.615 4.375277674 0.3966310265 0.4937076763
0.6165 4.359612825 0.3966310265 0.493608332
0.618 4.343782793 0.3966310265 0.4935063466
0.6195 4.327788987 0.3966310265 0.4934016533
0.621 4.311632825 0.3966310265 0.4932941836
0.6225 4.295315744 0.3966310265 0.4931838666
0.624 4.278839193 0.3966310265 0.49307063
0.6255 4.262204635 0.3966310265 0.4929543989
0.627 4.245413547 0.3966310265 0.4928350968
0.6285 4.228467422 0.3966310265 0.4927126448
0.63 4.211367765 0.3966310265 0.4925869621
0.6315 4.194116094 0.3966310265 0.4924579653
0.633 4.176713941 0.3966310265 0.492325569
0.6345 4.159162854 0.3966310265 0.4921896854
0.636 4.141464389 0.3966310265 0.4920502243
0.6375 4.123620121 0.3966310265 0.4919070932
0.639 4.105631633 0.3966310265 0.4917601968
0.6405 4.087500524 0.3966310265 0.4916094374
0.642 4.069228403 0.3966310265 0.4914547148
0.6435 4.050816895 0.3966310265 0.4912959259
0.645 4.032267634 0.3966310265 0.491132965
0.6465 4.013582268 0.3966310265 0.4909657236
0.648 3.994762458 0.3966310265 0.4907940903
0.6495 3.975809873 0.3966310265 0.4906179506
0.651 3.956726199 0.3966310265 0.4904371873
0.6525 3.93751313 0.3966310265 0.4902516799
0.654 3.918172373 0.3966310265 0.490061305
0.6555 3.898705645 0.3966310265 0.4898659357
0.657 3.879114677 0.3966310265 0.489665442
0.6585 3.859401207 0.3966310265 0.4894596907
0.66 3.839566987 0.3966310265 0.4892485448
0.6615 3.81961378 0.3966310265 0.4890318643
0.663 3.799543357 0.3966310265 0.4888095052
0.6645 3.7793575 0.3966310265 0.4885813201
0.666 3.759058004 0.3966310265 0.4883471581
0.6675 3.738646671 0.3966310265 0.488106864
0.669 3.718125314 0.3966310265 0.4878602792
0.6705 3.697495757 0.3966310265 0.4876072411
0.672 3.67675983 0.3966310265 0.487347583
0.6735 3.655919378 0.3966310265 0.487081134
0.675 3.634976249 0.3966310265 0.4868077195
0.6765 3.613932306 0.3966310265 0.4865271602
0.678 3.592789417 0.3966310265 0.4862392728
0.6795 3.571549459 0.3966310265 0.4859438694
0.681 3.550214321 0.3966310265 0.485640758
0.6825 3.528785897 0.3966310265 0.4853297417
0.684 3.507266089 0.3966310265 0.4850106191
0.6855 3.485656811 0.3966310265 0.4846831843
0.687 3.463959981 0.3966310265 0.4843472266
0.6885 3.442177526 0.3966310265 0.4840025302
0.69 3.420311382 0.3966310265 0.4836488748
0.6915 3.39836349 0.3966310265 0.4832860348
0.693 3.3763358 0.3966310265 0.4829137799
0.6945 3.35423027 0.3966310265 0.4825318744
0.696 3.332048861 0.3966310265 0.4821400775
0.6975 3.309793545 0.3966310265 0.4817381433
0.699 3.287466299 0.3966310265 0.4813258204
0.7005 3.265069105 0.3966310265 0.4809028522
0.702 3.242603954 0.3966310265 0.4804689766
0.7035 3.22007284 0.3966310265 0.480023926
0.705 3.197477765 0.3966310265 0.4795674272
0.7065 3.174820736 0.3966310265 0.4790992015
0.708 3.152103766 0.3966310265 0.4786189646
0.7095 3.129328872 0.3966310265 0.4781264263
0.711 3.106498077 0.3966310265 0.4776212909
0.7125 3.08361341 0.3966310265 0.4771032566
0.714 3.060676902 0.3966310265 0.4765720162
0.7155 3.037690593 0.3966310265 0.4760272563
0.717 3.014656522 0.3966310265 0.4754686577
0.7185 2.991576737 0.3966310265 0.4748958954
0.72 2.968453286 0.3966310265 0.4743086384
0.7215 2.945288226 0.3966310265 0.4737065496
0.723 2.922083612 0.3966310265 0.4730892863
0.7245 2.898841506 0.3966310265 0.4724564995
0.726 2.875563973 0.3966310265 0.4718078343
0.7275 2.85225308 0.3966310265 0.4711429301
0.729 2.828910898 0.3966310265 0.4704614201
0.7305 2.8055395 0.3966310265 0.4697629317
0.732 2.782140962 0.3966310265 0.4690470863
0.7335 2.758717363 0.3966310265 0.4683134996
0.735 2.735270783 0.3966310265 0.4675617814
0.7365 2.711803305 0.3966310265 0.4667915357
0.738 2.688317014 0.3966310265 0.4660023609
0.7395 2.664813995 0.3966310265 0.4651938497
0.741 2.641296336 0.3966310265 0.4643655894
0.7425 2.617766127 0.3966310265 0.4635171615
0.744 2.594225457 0.3966310265 0.4626481425
0.7455 2.570676417 0.3966310265 0.4617581035
0.747 2.547121099 0.3966310265 0.4608466104
0.7485 2.523561596 0.3966310265 0.4599132241
0.75 2.5 0.3966310265 0.4589575007
0.7515 2.476438404 0.3966310265 0.4579789915
0.753 2.452878901 0.3966310265 0.4569772435
0.7545 2.429323583 0.3966310265 0.4559517988
0.756 2.405774543 0.3966310265 0.4549021959
0.7575 2.382233873 0.3966310265 0.453827969
0.759 2.358703664 0.3966310265 0.4527286485
0.7605 2.335186005 0.3966310265 0.4516037615
0.762 2.311682986 0.3966310265 0.4504528316
0.7635 2.288196695 0.3966310265 0.4492753795
0.765 2.264729217 0.3966310265 0.4480709231
0.7665 2.241282637 0.3966310265 0.4468389778
0.768 2.217859038 0.3966310265 0.445579057
0.7695 2.1944605 0.3966310265 0.4442906722
0.771 2.171089102 0.3966310265 0.4429733332
0.7725 2.14774692 0.3966310265 0.4416265491
0.774 2.124436027 0.3966310265 0.4402498279
0.7755 2.101158494 0.3966310265 0.4388426773
0.777 2.077916388 0.3966310265 0.4374046052
0.7785 2.054711774 0.3966310265 0.4359351197
0.78 2.031546714 0.3966310265 0.4344337301
0.7815 2.008423263 0.3966310265 0.4328999469
0.783 1.985343478 0.3966310265 0.4313332825
0.7845 1.962309407 0.3966310265 0.4297332516
0.786 1.939323098 0.3966310265 0.4280993719
0.7875 1.91638659 0.3966310265 0.4264311643
0.789 1.893501923 0.3966310265 0.4247281539
0.7905 1.870671128 0.3966310265 0.4229898701
0.792 1.847896234 0.3966310265 0.4212158477
0.7935 1.825179264 0.3966310265 0.4194056269
0.795 1.802522235 0.3966310265 0.4175587545
0.7965 1.77992716 0.3966310265 0.4156747843
0.798 1.757396046 0.3966310265 0.4137532777
0.7995 1.734930895 0.3966310265 0.4117938045
0.801 1.712533701 0.3966310265 0.4097959436
0.8025 1.690206455 0.3966310265 0.4077592835
0.804 1.667951139 0.3966310265 0.4056834234
0.8055 1.64576973 0.3966310265 0.4035679738
0.807 1.6236642 0.3966310265 0.4014125572
0.8085 1.60163651 0.3966310265 0.3992168087
0.81 1.579688618 0.3966310265 0.3969803775
0.8115 1.557822474 0.3966310265 0.3947029267
0.813 1.536040019 0.3966310265 0.3923841352
0.8145 1.514343189 0.3966310265 0.3900236977
0.816 1.492733911 0.3966310265 0.3876213258
0.8175 1.471214103 0.3966310265 0.3851767494
0.819 1.449785679 0.3966310265 0.3826897166
0.8205 1.428450541 0.3966310265 0.3801599954
0.822 1.407210583 0.3966310265 0.3775873744
0.8235 1.386067694 0.3966310265 0.3749716634
0.825 1.365023751 0.3966310265 0.3723126947
0.8265 1.344080622 0.3966310265 0.3696103238
0.828 1.32324017 0.3966310265 0.3668644305
0.8295 1.302504243 0.3966310265 0.3640749195
0.831 1.281874686 0.3966310265 0.3612417219
0.8325 1.261353329 0.3966310265 0.3583647955
0.834 1.240941996 0.3966310265 0.3554441262
0.8355 1.2206425 0.3966310265 0.3524797287
0.837 1.200456643 0.3966310265 0.3494716475
0.8385 1.18038622 0.3966310265 0.3464199579
0.84 1.160433013 0.3966310265 0.3433247666
0.8415 1.140598793 0.3966310265 0.3401862131
0.843 1.120885323 0.3966310265 0.3370044703
0.8445 1.101294355 0.3966310265 0.3337797454
0.846 1.081827627 0.3966310265 0.3305122808
0.8475 1.06248687 0.3966310265 0.3272023549
0.849 1.043273801 0.3966310265 0.3238502831
0.8505 1.024190127 0.3966310265 0.3204564186
0.852 1.005237542 0.3966310265 0.317021153
0.8535 0.9864177315 0.3966310265 0.3135449173
0.855 0.9677323659 0.3966310265 0.3100281824
0.8565 0.9491831051 0.3966310265 0.3064714603
0.858 0.9307715968 0.3966310265 0.3028753043
0.8595 0.9124994764 0.3966310265 0.2992403097
0.861 0.8943683671 0.3955671149 0.2955671149
0.8625 0.8763798792 0.3918564014 0.2918564014
0.864 0.8585356106 0.3881088948 0.2881088948
0.8655 0.8408371464 0.3843253651 0.2843253651
0.867 0.8232860587 0.3805066272 0.2805066272
0.8685 0.8058839063 0.3766535413 0.2766535413
0.87 0.7886322352 0.3727670135 0.2727670135
0.8715 0.7715325776 0.3688479958 0.2688479958
0.873 0.7545864525 0.3648974867 0.2648974867
0.8745 0.7377953651 0.3609165311 0.2609165311
0.876 0.721160807 0.3569062208 0.2569062208
0.8775 0.7046842556 0.3528676945 0.2528676945
0.879 0.6883671745 0.3488021379 0.2488021379
0.8805 0.6722110132 0.3447107834 0.2447107834
0.882 0.6562172066 0.3405949105 0.2405949105
0.8835 0.6403871755 0.3364558456 0.2364558456
0.885 0.6247223259 0.3322949613 0.2322949613
0.8865 0.6092240494 0.3281136769 0.2281136769
0.888 0.5938937225 0.3239134576 0.2239134576
0.8895 0.578732707 0.3196958142 0.2196958142
0.891 0.5637423495 0.3154623026 0.2154623026
0.8925 0.5489239817 0.3112145235 0.2112145235
0.894 0.5342789197 0.3069541215 0.2069541215
0.8955 0.5198084644 0.3026827846 0.2026827846
0.897 0.5055139012 0.2984022436 0.1984022436
0.8985 0.4913964997 0.2941142707 0.1941142707
0.9 0.4774575141 0.2898206792 0.1898206792
0.9015 0.4636981823 0.2855233225 0.1855233225
0.903 0.4501197267 0.2812240925 0.1812240925
0.9045 0.4367233533 0.276924919 0.176924919
0.906 0.423510252 0.2726277684 0.1726277684
0.9075 0.4104815966 0.2683346423 0.1683346423
0.909 0.3976385443 0.2640475762 0.1640475762
0.9105 0.3849822358 0.259768638 0.159768638
0.912 0.3725137955 0.2554999268 0.1554999268
0.9135 0.3602343308 0.2512435709 0.1512435709
0.915 0.3481449325 0.2470017265 0.1470017265
0.9165 0.3362466744 0.2427765758 0.1427765758
0.918 0.3245406133 0.2385703253 0.1385703253
0.9195 0.3130277892 0.234385204 0.134385204
0.921 0.3017092245 0.2302234612 0.1302234612
0.9225 0.2905859248 0.2260873651 0.1260873651
0.924 0.279658878 0.2219792 0.1219792
0.9255 0.2689290547 0.217901265 0.117901265
0.927 0.258397408 0.2138558712 0.1138558712
0.9285 0.2480648735 0.2098453399 0.1098453399
0.93 0.2379323688 0.205872 0.105872
0.9315 0.2280007941 0.2019381862 0.1019381862
0.933 0.2182710315 0.1980462361 0.09804623606
0.9345 0.2087439452 0.1941984881 0.09419848807
0.936 0.1994203816 0.190397279 0.09039727897
0.9375 0.1903011687 0.1866449414 0.08664494139
0.939 0.1813871167 0.1829438013 0.08294380131
0.9405 0.1726790172 0.1792961756 0.07929617556
0.942 0.1641776439 0.1757043693 0.07570436927
0.9435 0.1558837518 0.1721706733 0.0721706733
0.945 0.1477980776 0.1686973617 0.06869736166
0.9465 0.1399213396 0.1652866889 0.06528668894
0.948 0.1322542375 0.1619408877 0.06194088768
0.9495 0.1247974522 0.1586621658 0.05866216577
0.951 0.1175516462 0.1554527039 0.0554527039
0.9525 0.110517463 0.1523146529 0.0523146529
0.954 0.1036955275 0.1492501312 0.04925013122
0.9555 0.09708644553 0.1462612223 0.04626122232
0.957 0.09069080427 0.1433499721 0.04334997214
0.9585 0.0845091718 0.1405183866 0.0405183866
0.96 0.07854209718 0.1377684291 0.03776842909
0.9615 0.07279011045 0.135102018 0.035102018
0.963 0.06725372254 0.1325210243 0.03252102434
0.9645 0.06193342523 0.1300272693 0.03002726932
0.966 0.05682969108 0.1276225221 0.02762252207
0.9675 0.05194297345 0.1253084973 0.02530849733
0.969 0.04727370639 0.1230868532 0.02308685325
0.9705 0.04282230467 0.1209591892 0.02095918921
0.972 0.03858916368 0.1189270438 0.01892704378
0.9735 0.03457465943 0.1169918926 0.01699189261
0.975 0.03077914851 0.1151551466 0.01515514658
0.9765 0.02720296807 0.1134181498 0.01341814984
0.978 0.02384643576 0.1117821781 0.01178217808
0.9795 0.02070984972 0.1102484368 0.01024843678
0.981 0.01779348858 0.1088180596 0.008818059612
0.9825 0.01509761136 0.1074921069 0.007492106911
0.984 0.01262245755 0.1062715642 0.006271564228
0.9855 0.01036824699 0.105157341 0.005157341
0.987 0.008335179915 0.1041502693 0.004150269308
0.9885 0.006523436919 0.1032511027 0.003251102748
0.99 0.004933178929 0.1024605154 0.002460515393
0.9915 0.003564547201 0.1017791009 0.001779100872
0.993 0.002417663305 0.1012073716 0.001207371555
0.9945 0.001492629113 0.1007457578 0.0007457578479
0.996 0.0007895267918 0.1003946076 0.0003946075987
0.9975 0.0003084187958 0.1001541856 0.0001541856198
0.999 4.934785966e-05 0.1000246733 2.467332104e-05
1 0 0.1 0
