ell  q  S
0 0 0
1.998469148e-05 0 0.0001110322276
7.992367951e-05 0 0.000444119048
0.0001797717257 0 0.0009992308744
0.0003194535022 0 0.001776318399
0.0004988636956 0 0.002775312595
0.0007178671523 0 0.003996124728
0.000976299065 0 0.005438646356
0.001273965199 0 0.007102749348
0.00161064216 0 0.008988285889
0.001986077701 0 0.01109508849
0.002399991065 0 0.01342297002
0.002852073373 0 0.0159717237
0.003341988043 0 0.01874112313
0.003869371247 0 0.02173092233
0.004433832405 0 0.02494085571
0.005034954717 0 0.02837063816
0.005672295715 0 0.03201996501
0.006345387869 0 0.03588851213
0.007053739202 0 0.03997593587
0.00779683395 0 0.04428187318
0.008574133247 0 0.04880594157
0.009385075831 0 0.05354773919
0.01022907879 0 0.05850684484
0.0111055383 0 0.06368281803
0.01201383045 0 0.06907519901
0.01295331202 0 0.07468350877
0.01392332128 0 0.08050724918
0.0149231789 0 0.08654590292
0.01595218876 0 0.0927989336
0.01700963884 0 0.09926578581
0.0180948021 0 0.1059458851
0.0192069374 0 0.1128386381
0.0203452904 0 0.1199434326
0.02150909446 0 0.1272596375
0.0226975716 0 0.1347866029
0.0239099334 0 0.1425236603
0.02514538197 0 0.1504701223
0.02640311082 0 0.1586252831
0.02768230589 0 0.1669884184
0.0289821464 0 0.1755587853
0.03030180582 0.0001509712793 0.1843356225
0.0316404528 0.0008222535922 0.1933181503
0.03299725209 0.001505418072 0.202505571
0.03437136543 0.002200183839 0.2118970684
0.03576195248 0.002906266296 0.2214918084
0.03716817171 0.003623377303 0.2312889386
0.03858918128 0.004351225363 0.2412875889
0.04002413991 0.0050895158 0.2514868711
0.04147220773 0.005837950945 0.2618858792
0.04293254713 0.006596230322 0.2724836895
0.04440432359 0.007364050833 0.2832793607
0.04588670645 0.008141106947 0.2942719339
0.04737886976 0.008927090883 0.3054604326
0.04887999299 0.009721692807 0.316843863
0.0503892618 0.01052460102 0.3284212139
0.05190586877 0.01133550213 0.340191457
0.05342901411 0.01215408129 0.3521535468
0.05495790631 0.01298002232 0.3643064208
0.05649176283 0.01381300796 0.3766489993
0.05802981073 0.01465272003 0.3891801862
0.05957128724 0.01549883963 0.4018988684
0.06111544039 0.01635104732 0.414803916
0.06266152956 0.01720902331 0.4278941827
0.06420882596 0.01807244767 0.4411685059
0.06575661321 0.0189410005 0.4546257064
0.06730418775 0.01981436212 0.4682645889
0.06885085934 0.02069221327 0.4820839419
0.07039595146 0.02157423526 0.4960825378
0.0719388017 0.0224601102 0.5102591333
0.07347876214 0.02334952116 0.5246124691
0.07501519969 0.02424215235 0.5391412702
0.07654749642 0.02513768929 0.5538442461
0.0780750498 0.02603581904 0.5687200908
0.07959727303 0.02693623029 0.583767483
0.08111359522 0.02783861363 0.598985086
0.08262346161 0.02874266164 0.6143715482
0.08412633376 0.0296480691 0.6299255027
0.08562168972 0.03055453318 0.6456455682
0.08710902414 0.03146175356 0.661530348
0.08858784839 0.03236943259 0.6775784314
0.09005769061 0.03327727552 0.6937883929
0.09151809583 0.03418499057 0.7101587924
0.09296862596 0.03509228913 0.7266881761
0.09440885981 0.03599888593 0.7433750755
0.09583839309 0.03690449913 0.7602180085
0.09725683838 0.03780885052 0.777215479
0.09866382507 0.03871166564 0.7943659772
0.1000589993 0.0396126739 0.8116679797
0.1014420239 0.04051160875 0.8291199496
0.1028125782 0.04140820779 0.8467203367
0.1041703579 0.04230221289 0.8644675777
0.1055150751 0.04319337036 0.8823600961
0.1068464579 0.04408143099 0.9003963026
0.1081642505 0.04496615023 0.9185745952
0.1094682127 0.04584728828 0.9368933592
0.1107581199 0.04672461021 0.9553509673
0.1120337628 0.04759788602 0.97394578
0.1132949471 0.0484668908 0.9926761458
0.1145414937 0.04933140476 1.011540401
0.1157732377 0.05019121338 1.030536869
0.1169900288 0.05104610746 1.049663864
0.1181917306 0.05189588317 1.068919686
0.1193782205 0.05274034221 1.088302625
0.1205493895 0.05357929179 1.107810959
0.1217051417 0.05441254476 1.127442955
0.122845394 0.05523991961 1.14719687
0.1239700761 0.0560612406 1.167070948
0.1250791298 0.05687633772 1.187063425
0.1261725088 0.05768504682 1.207172525
0.1272501784 0.05848720958 1.227396461
0.1283121154 0.0592826736 1.247733437
0.1293583072 0.06007129237 1.268181646
0.1303887522 0.06085292536 1.288739273
0.1314034588 0.06162743796 1.309404491
0.1324024454 0.06239470156 1.330175464
0.13338574 0.06315459353 1.351050348
0.13435338 0.06390699721 1.372027289
0.1353054116 0.06465180191 1.393104422
0.1362418897 0.06538890293 1.414279877
0.1371628773 0.0661182015 1.435551771
0.1380684455 0.06683960479 1.456918216
0.1389586729 0.06755302586 1.478377313
0.1398336454 0.06825838367 1.499927157
0.140693456 0.06895560301 1.521565833
0.1415382042 0.06964461444 1.543291419
0.1423679957 0.0703253543 1.565101986
0.1431829425 0.07099776463 1.586995595
0.1439831621 0.07166179308 1.608970303
0.1447687775 0.07231739291 1.631024158
0.1455399166 0.07296452289 1.653155199
0.1462967124 0.07360314723 1.675361463
0.1470393022 0.07423323551 1.697640975
0.1477678277 0.07485476259 1.719991758
0.1484824345 0.07546770855 1.742411826
0.1491832719 0.0760720586 1.764899187
0.1498704925 0.07666780294 1.787451844
0.1505442523 0.07725493675 1.810067793
0.1512047102 0.07783346001 1.832745027
0.1518520277 0.07840337744 1.855481529
0.1524863686 0.0789646984 1.878275282
0.1531078993 0.07951743674 1.90112426
0.1537167878 0.08006161075 1.924026433
0.1543132041 0.080597243 1.946979768
0.1548973197 0.08112436023 1.969982225
0.1554693075 0.08164299324 1.993031762
0.1560293415 0.08215317679 2.01612633
0.1565775967 0.08265494944 2.039263879
0.1571142488 0.08314835343 2.062442353
0.1576394743 0.08363343459 2.085659693
0.15815345 0.08411024219 2.108913837
0.158656353 0.08457882881 2.13220272
0.1591483605 0.0850392502 2.155524273
0.1596296497 0.08549156519 2.178876424
0.1601003976 0.08593583553 2.2022571
0.1605607809 0.08637212577 2.225664222
0.1610109758 0.08680050313 2.249095713
0.161451158 0.08722103737 2.27254949
0.1618815025 0.08763380067 2.296023471
0.1623021833 0.08803886749 2.31951557
0.1627133738 0.08843631445 2.343023701
0.1631152462 0.08882622021 2.366545776
0.1635079714 0.08920866533 2.390079704
0.1638917195 0.08958373216 2.413623397
0.164266659 0.08995150472 2.437174761
0.1646329571 0.09031206855 2.460731707
0.1649907795 0.09066551065 2.48429214
0.1653402905 0.0910119193 2.507853969
0.1656816526 0.091351384 2.5314151
0.1660150268 0.09168399531 2.55497344
0.1663405724 0.09200984477 2.578526898
0.1666584467 0.0923290248 2.60207338
0.1669688056 0.09264162856 2.625610795
0.1672718026 0.09294774989 2.649137053
0.1675675898 0.09324748316 2.672650064
0.1678563171 0.09354092323 2.696147739
0.1681381323 0.09382816532 2.719627991
0.1684131815 0.09410930491 2.743088735
0.1686816085 0.09438443769 2.766527886
0.1689435553 0.09465365943 2.789943362
0.1691991615 0.09491706595 2.813333084
0.1694485649 0.09517475299 2.836694974
0.169691901 0.09542681614 2.860026956
0.1699293033 0.09567335081 2.883326959
0.170160903 0.09591445212 2.906592913
0.1703868294 0.09615021483 2.929822751
0.1706072094 0.0963807333 2.953014409
0.1708221679 0.09660610141 2.976165828
0.1710318277 0.0968264125 2.999274951
0.1712363093 0.09704175934 3.022339726
0.1714357313 0.09725223404 3.045358103
0.1716302099 0.09745792803 3.068328039
0.1718198592 0.097658932 3.091247493
0.1720047915 0.09785533585 3.114114428
0.1721851167 0.09804722865 3.136926814
0.1723609425 0.09823469863 3.159682625
0.172532375 0.09841783308 3.182379839
0.1726995177 0.09859671841 3.20501644
0.1728624725 0.09877144 3.227590417
0.1730213389 0.09894208229 3.250099766
0.1731762146 0.09910872865 3.272542486
0.1733271953 0.09927146145 3.294916585
0.1734743747 0.09943036196 3.317220074
0.1736178446 0.09958551036 3.339450973
0.1737576948 0.09973698574 3.361607308
0.1738940131 0.09988486606 3.383687109
0.1740268858 0.1000292281 3.405688417
0.1741563969 0.1001701477 3.427609276
0.1742826288 0.1003076991 3.449447739
0.1744056622 0.1004419559 3.471201867
0.1745255757 0.10057299 3.492869727
0.1746424464 0.1007008727 3.514449394
0.1747563496 0.1008256736 3.535938952
0.1748673589 0.1009474613 3.557336493
0.1749755463 0.1010663033 3.578640114
0.175080982 0.1011822658 3.599847925
0.1751837346 0.1012954139 3.62095804
0.1752838713 0.1014058114 3.641968586
0.1753814576 0.101513521 3.662877695
0.1754765574 0.1016186042 3.683683511
0.1755692332 0.1017211213 3.704384185
0.1756595459 0.1018211316 3.724977879
0.1757475551 0.1019186929 3.745462763
0.1758333188 0.1020138622 3.765837018
0.1759168938 0.1021066952 3.786098834
0.1759983353 0.1021972465 3.806246412
0.1760776974 0.1022855695 3.826277961
0.1761550325 0.1023717167 3.846191702
0.1762303921 0.1024557392 3.865985867
0.1763038263 0.1025376872 3.885658697
0.1763753838 0.1026176099 3.905208445
0.1764451123 0.1026955552 3.924633374
0.1765130581 0.1027715703 3.943931759
0.1765792666 0.102845701 3.963101885
0.1766437818 0.1029179923 3.98214205
0.1767066467 0.1029884881 4.001050563
0.1767679031 0.1030572313 4.019825744
0.176827592 0.103124264 4.038465925
0.176885753 0.1031896272 4.056969451
0.1769424248 0.1032533609 4.075334678
0.1769976453 0.1033155042 4.093559974
0.1770514512 0.1033760954 4.111643722
0.1771038782 0.1034351717 4.129584313
0.1771549612 0.1034927697 4.147380156
0.1772047343 0.1035489248 4.165029669
0.1772532303 0.1036036718 4.182531284
0.1773004816 0.1036570446 4.199883447
0.1773465193 0.1037090761 4.217084616
0.1773913742 0.1037597987 4.234133265
0.1774350757 0.1038092437 4.251027877
0.1774776528 0.1038574419 4.267766953
0.1775191336 0.1039044231 4.284349006
0.1775595455 0.1039502165 4.300772562
0.1775989151 0.1039948505 4.317036164
0.1776372682 0.1040383528 4.333138366
0.1776746301 0.1040807505 4.349077737
0.1777110253 0.1041220697 4.364852864
0.1777464776 0.1041623362 4.380462343
0.1777810102 0.104201575 4.395904788
0.1778146456 0.1042398103 4.411178829
0.1778474057 0.1042770659 4.426283107
0.177879312 0.1043133647 4.441216282
0.177910385 0.1043487294 4.455977026
0.177940645 0.1043831817 4.47056403
0.1779701115 0.1044167429 4.484975997
0.1779988036 0.1044494338 4.499211646
0.1780267397 0.1044812745 4.513269714
0.1780539379 0.1045122846 4.527148952
0.1780804156 0.1045424832 4.540848127
0.1781061897 0.104571889 4.554366022
0.1781312768 0.1046005199 4.567701436
0.1781556929 0.1046283935 4.580853185
0.1781794535 0.1046555269 4.5938201
0.1782025737 0.1046819366 4.60660103
0.1782250682 0.1047076389 4.61919484
0.1782469512 0.1047326494 4.631600411
0.1782682366 0.1047569833 4.64381664
0.1782889377 0.1047806555 4.655842444
0.1783090676 0.1048036803 4.667676753
0.1783286389 0.1048260716 4.679318516
0.1783476638 0.1048478431 4.6907667
0.1783661543 0.104869008 4.702020287
0.1783841218 0.1048895788 4.713078278
0.1784015776 0.1049095682 4.723939691
0.1784185324 0.1049289881 4.73460356
0.1784349967 0.1049478501 4.745068939
0.1784509808 0.1049661656 4.755334898
0.1784664944 0.1049839455 4.765400526
0.1784815472 0.1050012005 4.775264927
0.1784961483 0.1050179409 4.784927226
0.1785103067 0.1050341765 4.794386564
0.178524031 0.1050499172 4.803642102
0.1785373296 0.1050651722 4.812693017
0.1785502105 0.1050799505 4.821538505
0.1785626817 0.105094261 4.830177781
0.1785747507 0.105108112 4.838610077
0.1785864246 0.1051215117 4.846834644
0.1785977107 0.105134468 4.854850752
0.1786086157 0.1051469885 4.862657688
0.1786191461 0.1051590806 4.870254759
0.1786293082 0.1051707513 4.877641291
0.1786391082 0.1051820076 4.884816626
0.1786485518 0.1051928558 4.891780129
0.1786576448 0.1052033024 4.89853118
0.1786663925 0.1052133535 4.905069179
0.1786748001 0.1052230148 4.911393546
0.1786828726 0.105232292 4.917503719
0.1786906148 0.1052411905 4.923399156
0.1786980313 0.1052497155 4.929079332
0.1787051264 0.1052578717 4.934543744
0.1787119043 0.105265664 4.939791905
0.178718369 0.1052730969 4.94482335
0.1787245243 0.1052801746 4.949637631
0.1787303738 0.1052869011 4.954234321
0.1787359209 0.1052932805 4.958613012
0.178741169 0.1052993162 4.962773315
0.1787461209 0.1053050118 4.966714861
0.1787507798 0.1053103706 4.970437298
0.1787551481 0.1053153955 4.973940297
0.1787592286 0.1053200895 4.977223546
0.1787630235 0.1053244553 4.980286753
0.1787665351 0.1053284953 4.983129648
0.1787697654 0.1053322118 4.985751976
0.1787727163 0.1053356071 4.988153506
0.1787753895 0.1053386829 4.990334023
0.1787777866 0.105341441 4.992293334
0.1787799088 0.1053438831 4.994031266
0.1787817576 0.1053460104 4.995547663
0.1787833338 0.1053478243 4.996842392
0.1787846386 0.1053493257 4.997915336
0.1787856725 0.1053505155 4.998766401
0.1787864362 0.1053513943 4.999395511
0.1787869301 0.1053519628 4.999802611
0.1787871546 0.1053522211 4.999987663
0.1787871097 0.1053522383 4.999950652
0.1787867954 0.1053522383 4.999691581
0.1787862116 0.1053522383 4.999210473
0.1787853579 0.1053522383 4.998507371
0.1787842338 0.1053522383 4.997582337
0.1787828386 0.1053522383 4.996435453
0.1787811716 0.1053522383 4.995066821
0.1787792319 0.1053522383 4.993476563
0.1787770181 0.1053522383 4.99166482
0.1787745292 0.1053522383 4.989631753
0.1787717636 0.1053522383 4.987377542
0.1787687198 0.1053522383 4.984902389
0.1787653959 0.1053522383 4.982206511
0.1787617901 0.1053522383 4.97929015
0.1787579003 0.1053522383 4.976153564
0.1787537241 0.1053522383 4.972797032
0.1787492592 0.1053522383 4.969220851
0.178744503 0.1053522383 4.965425341
0.1787394527 0.1053522383 4.961410836
0.1787341053 0.1053522383 4.957177695
0.1787284577 0.1053522383 4.952726294
0.1787225067 0.1053522383 4.948057027
0.1787162486 0.1053522383 4.943170309
0.17870968 0.1053522383 4.938066575
0.1787027968 0.1053522383 4.932746277
0.178695595 0.1053522383 4.92720989
0.1786880705 0.1053522383 4.921457903
0.1786802187 0.1053522383 4.915490828
0.1786720351 0.1053522383 4.909309196
0.1786635146 0.1053522383 4.902913554
0.1786546525 0.1053522383 4.896304473
0.1786454432 0.1053522383 4.889482537
0.1786358814 0.1053522383 4.882448354
0.1786259614 0.1053522383 4.875202548
0.1786156772 0.1053522383 4.867745762
0.1786050226 0.1053522383 4.86007866
0.1785939914 0.1053522383 4.852201922
0.1785825768 0.1053522383 4.844116248
0.1785707719 0.1053522383 4.835822356
0.1785585697 0.1053522383 4.827320983
0.1785459628 0.1053522383 4.818612883
0.1785329435 0.1053522383 4.809698831
0.1785195039 0.1053522383 4.800579618
0.1785056359 0.1053522383 4.791256055
0.1784913309 0.1053522383 4.781728969
0.1784765802 0.1053522383 4.771999206
0.1784613749 0.1053522383 4.762067631
0.1784457055 0.1053522383 4.751935127
0.1784295625 0.1053522383 4.741602592
0.1784129358 0.1053522383 4.731070945
0.1783958152 0.1053522383 4.720341122
0.1783781901 0.1053522383 4.709414075
0.1783600495 0.1053522383 4.698290775
0.1783413821 0.1053522383 4.686972211
0.1783221764 0.1053522383 4.675459387
0.1783024203 0.1053522383 4.663753326
0.1782821014 0.1053522383 4.651855068
0.178261207 0.1053522383 4.639765669
0.1782397239 0.1053522383 4.627486204
0.1782176386 0.1053522383 4.615017764
0.1781949372 0.1053522383 4.602361456
0.1781716052 0.1053522383 4.589518403
0.1781476278 0.1053522383 4.576489748
0.1781229898 0.1053522383 4.563276647
0.1780976755 0.1053522383 4.549880273
0.1780716687 0.1053522383 4.536301818
0.1780449527 0.1053522383 4.522542486
0.1780175106 0.1053522383 4.5086035
0.1779893245 0.1053522383 4.494486099
0.1779603763 0.1053522383 4.480191536
0.1779306475 0.1053522383 4.46572108
0.1779001187 0.1053522383 4.451076018
0.1778687702 0.1053522383 4.43625765
0.1778365816 0.1053522383 4.421267293
0.1778035321 0.1053522383 4.406106278
0.1777696001 0.1053522383 4.390775951
0.1777347635 0.1053522383 4.375277674
0.1776989995 0.1053522383 4.359612825
0.1776622848 0.1053522383 4.343782793
0.1776245952 0.1053522383 4.327788987
0.1775859061 0.1053522383 4.311632825
0.177546192 0.1053522383 4.295315744
0.1775054268 0.1053522383 4.278839193
0.1774635836 0.1053522383 4.262204635
0.1774206348 0.1053522383 4.245413547
0.1773765521 0.1053522383 4.228467422
0.1773313063 0.1053522383 4.211367765
0.1772848675 0.1053522383 4.194116094
0.1772372048 0.1053522383 4.176713941
0.1771882867 0.1053522383 4.159162854
0.1771380808 0.1053522383 4.141464389
0.1770865535 0.1053522383 4.123620121
0.1770336708 0.1053522383 4.105631633
0.1769793975 0.1053522383 4.087500524
0.1769236973 0.1053522383 4.069228403
0.1768665333 0.1053522383 4.050816895
0.1768078674 0.1053522383 4.032267634
0.1767476605 0.1053522383 4.013582268
0.1766858725 0.1053522383 3.994762458
0.1766224622 0.1053522383 3.975809873
0.1765573874 0.1053522383 3.956726199
0.1764906048 0.1053522383 3.93751313
0.1764220698 0.1053522383 3.918172373
0.1763517368 0.1053522383 3.898705645
0.1762795591 0.1053522383 3.879114677
0.1762054886 0.1053522383 3.859401207
0.1761294761 0.1053522383 3.839566987
0.1760514711 0.1053522383 3.81961378
0.1759714219 0.1053522383 3.799543357
0.1758892753 0.1053522383 3.7793575
0.1758049769 0.1053522383 3.759058004
0.175718471 0.1053522383 3.738646671
0.1756297005 0.1053522383 3.718125314
0.1755386068 0.1053522383 3.697495757
0.1754451299 0.1053522383 3.67675983
0.1753492083 0.1053522383 3.655919378
0.175250779 0.1053522383 3.634976249
0.1751497777 0.1053522383 3.613932306
0.1750461382 0.1053522383 3.592789417
0.174939793 0.1053522383 3.571549459
0.1748306729 0.1053522383 3.550214321
0.174718707 0.1053522383 3.528785897
0.1746038229 0.1053522383 3.507266089
0.1744859464 0.1053522383 3.485656811
0.1743650016 0.1053522383 3.463959981
0.1742409109 0.1053522383 3.442177526
0.1741135949 0.1053522383 3.420311382
0.1739829725 0.1053522383 3.39836349
0.1738489608 0.1053522383 3.3763358
0.1737114748 0.1053522383 3.35423027
0.1735704279 0.1053522383 3.332048861
0.1734257316 0.1053522383 3.309793545
0.1732772953 0.1053522383 3.287466299
0.1731250268 0.1053522383 3.265069105
0.1729688316 0.1053522383 3.242603954
0.1728086134 0.1053522383 3.22007284
0.1726442738 0.1053522383 3.197477765
0.1724757126 0.1053522383 3.174820736
0.1723028273 0.1053522383 3.152103766
0.1721255135 0.1053522383 3.129328872
0.1719436647 0.1053522383 3.106498077
0.1717571724 0.1053522383 3.08361341
0.1715659258 0.1053522383 3.060676902
0.1713698123 0.1053522383 3.037690593
0.1711687168 0.1053522383 3.014656522
0.1709625224 0.1053522383 2.991576737
0.1707511098 0.1053522383 2.968453286
0.1705343579 0.1053522383 2.945288226
0.1703121431 0.1053522383 2.922083612
0.1700843398 0.1053522383 2.898841506
0.1698508204 0.1053522383 2.875563973
0.1696114549 0.1053522383 2.85225308
0.1693661113 0.1053522383 2.828910898
0.1691146554 0.1053522383 2.8055395
0.1688569511 0.1053522383 2.782140962
0.1685928599 0.1053522383 2.758717363
0.1683222413 0.1053522383 2.735270783
0.1680449528 0.1053522383 2.711803305
0.1677608499 0.1053522383 2.688317014
0.1674697859 0.1053522383 2.664813995
0.1671716122 0.1053522383 2.641296336
0.1668661781 0.1053522383 2.617766127
0.1665533313 0.1053522383 2.594225457
0.1662329173 0.1053522383 2.570676417
0.1659047797 0.1053522383 2.547121099
0.1655687607 0.1053522383 2.523561596
0.1652247002 0.1053522383 2.5
0.164872437 0.1053522383 2.476438404
0.1645118076 0.1053522383 2.452878901
0.1641426476 0.1053522383 2.429323583
0.1637647905 0.1053522383 2.405774543
0.1633780688 0.1053522383 2.382233873
0.1629823135 0.1053522383 2.358703664
0.1625773541 0.1053522383 2.335186005
0.1621630194 0.1053522383 2.311682986
0.1617391366 0.1053522383 2.288196695
0.1613055323 0.1053522383 2.264729217
0.160862032 0.1053522383 2.241282637
0.1604084605 0.1053522383 2.217859038
0.159944642 0.1053522383 2.1944605
0.1594704 0.1053522383 2.171089102
0.1589855577 0.1053522383 2.14774692
0.158489938 0.1053522383 2.124436027
0.1579833638 0.1053522383 2.101158494
0.1574656579 0.1053522383 2.077916388
0.1569366431 0.1053522383 2.054711774
0.1563961428 0.1053522383 2.031546714
0.1558439809 0.1053522383 2.008423263
0.1552799817 0.1053522383 1.985343478
0.1547039706 0.1053522383 1.962309407
0.1541157739 0.1053522383 1.939323098
0.1535152191 0.1053522383 1.91638659
0.1529021354 0.1053522383 1.893501923
0.1522763532 0.1053522383 1.870671128
0.1516377052 0.1053522383 1.847896234
0.1509860257 0.1053522383 1.825179264
0.1503211516 0.1053522383 1.802522235
0.1496429224 0.1053522383 1.77992716
0.14895118 0.1053522383 1.757396046
0.1482457696 0.1053522383 1.734930895
0.1475265397 0.1053522383 1.712533701
0.1467933421 0.1053522383 1.690206455
0.1460460324 0.1053522383 1.667951139
0.1452844706 0.1053522383 1.64576973
0.1445085206 0.1053522383 1.6236642
0.1437180511 0.1053522383 1.60163651
0.1429129359 0.1053522383 1.579688618
0.1420930536 0.1053522383 1.557822474
0.1412582887 0.1053522383 1.536040019
0.1404085312 0.1053522383 1.514343189
0.1395436773 0.1053522383 1.492733911
0.1386636298 0.1053522383 1.471214103
0.137768298 0.1053522383 1.449785679
0.1368575984 0.1053522383 1.428450541
0.1359314548 0.1053522383 1.407210583
0.1349897988 0.1053522383 1.386067694
0.1340325701 0.1053522383 1.365023751
0.1330597166 0.1053522383 1.344080622
0.132071195 0.1053522383 1.32324017
0.131066971 0.1053522383 1.302504243
0.1300470199 0.1053522383 1.281874686
0.1290113264 0.1053522383 1.261353329
0.1279598854 0.1053522383 1.240941996
0.1268927023 0.1053522383 1.2206425
0.1258097931 0.1053522383 1.200456643
0.1247111848 0.1053522383 1.18038622
0.123596916 0.1053522383 1.160433013
0.1224670367 0.1053522383 1.140598793
0.1213216093 0.1053522383 1.120885323
0.1201607084 0.1053522383 1.101294355
0.1189844211 0.1053522383 1.081827627
0.1177928478 0.1042150297 1.06248687
0.1165861019 0.1028533575 1.043273801
0.1153643107 0.1014945864 1.024190127
0.1141276151 0.1001388126 1.005237542
0.1128761702 0.09878614124 0.9864177315
0.1116101457 0.09743668675 0.9677323659
0.1103297257 0.09609057189 0.9491831051
0.1090351095 0.09474792772 0.9307715968
0.1077265115 0.09340889321 0.9124994764
0.1064041614 0.09207361493 0.8943683671
0.1050683045 0.09074224681 0.8763798792
0.1037192021 0.08941494984 0.8585356106
0.1023571314 0.08809189181 0.8408371464
0.1009823858 0.08677324705 0.8232860587
0.09959527488 0.0854591962 0.8058839063
0.09819612487 0.08414992594 0.7886322352
0.0967852785 0.08284562881 0.7715325776
0.09536309521 0.0815465029 0.7545864525
0.09392995119 0.0802527517 0.7377953651
0.09248623949 0.07896458386 0.721160807
0.09103237004 0.07768221294 0.7046842556
0.08956876964 0.07640585725 0.6883671745
0.08809588202 0.0751357396 0.6722110132
0.08661416779 0.0738720871 0.6562172066
0.0851241044 0.07261513098 0.6403871755
0.08362618607 0.07136510636 0.6247223259
0.08212092369 0.07012225206 0.6092240494
0.08060884474 0.06888681037 0.5938937225
0.0790904931 0.06765902692 0.578732707
0.07756642893 0.06643915041 0.5637423495
0.07603722845 0.06522743244 0.5489239817
0.07450348373 0.06402412733 0.5342789197
0.07296580247 0.06282949189 0.5198084644
0.07142480768 0.06164378524 0.5055139012
0.06988113744 0.06046726864 0.4913964997
0.06833544452 0.05930020524 0.4774575141
0.06678839609 0.05814285994 0.4636981823
0.06524067328 0.05699549914 0.4501197267
0.06369297084 0.05585839061 0.4367233533
0.06214599663 0.05473180325 0.423510252
0.06060047123 0.05361600688 0.4104815966
0.05905712742 0.0525112721 0.3976385443
0.05751670969 0.05141787007 0.3849822358
0.05597997365 0.05033607231 0.3725137955
0.05444768553 0.04926615049 0.3602343308
0.05292062155 0.04820837629 0.3481449325
0.0513995673 0.04716302116 0.3362466744
0.04988531712 0.04613035614 0.3245406133
0.04837867344 0.04511065167 0.3130277892
0.04688044605 0.04410417743 0.3017092245
0.04539145143 0.04311120208 0.2905859248
0.04391251201 0.04213199313 0.279658878
0.04244445541 0.04116681674 0.2689290547
0.04098811364 0.04021593749 0.258397408
0.03954432236 0.03927961828 0.2480648735
0.03811392001 0.03835812004 0.2379323688
0.03669774703 0.03745170162 0.2280007941
0.03529664498 0.03656061959 0.2182710315
0.0339114557 0.03568512803 0.2087439452
0.03254302043 0.0348254784 0.1994203816
0.0311921789 0.03398191931 0.1903011687
0.02985976847 0.03315469638 0.1813871167
0.0285466232 0.03234405204 0.1726790172
0.02725357294 0.03155022539 0.1641776439
0.02598144239 0.03077345199 0.1558837518
0.0247310502 0.03001396371 0.1477980776
0.02350320802 0.02927198859 0.1399213396
0.02229871956 0.02854775063 0.1322542375
0.02111837968 0.02784146965 0.1247974522
0.0199629734 0.02715336115 0.1175516462
0.01883327505 0.02648363613 0.110517463
0.01773004724 0.02583250094 0.1036955275
0.01665404003 0.02520015717 0.09708644553
0.01560598997 0.02458680142 0.09069080427
0.01458661918 0.02399262527 0.0845091718
0.01359663447 0.02341781504 0.07854209718
0.01263672648 0.02286255171 0.07279011045
0.01170756876 0.02232701079 0.06725372254
0.01080981695 0.02181136216 0.06193342523
0.009944107945 0.02131576997 0.05682969108
0.009111059039 0.02084039252 0.05194297345
0.008311267169 0.02038538215 0.04727370639
0.007545308117 0.01995088509 0.04282230467
0.006813735759 0.01953704142 0.03858916368
0.00611708134 0.0191439849 0.03457465943
0.005455852768 0.01877184292 0.03077914851
0.004830533942 0.01842073638 0.02720296807
0.004241584108 0.01809077961 0.02384643576
0.00368943724 0.01778208029 0.02070984972
0.00317450146 0.01749473936 0.01779348858
0.002697158488 0.01722885097 0.01509761136
0.002257763122 0.01698450237 0.01262245755
0.00185664276 0.01676177389 0.01036824699
0.001494096951 0.01656073886 0.008335179915
0.001170396989 0.01638146353 0.006523436919
0.0008857855416 0.01622400707 0.004933178929
0.000640476314 0.01608842151 0.003564547201
0.0004346537599 0.01597475167 0.002417663305
0.0002684728252 0.01588303518 0.001492629113
0.0001420587355 0.0158133024 0.0007895267918
5.550682314e-05 0.01576557644 0.0003084187958
8.882395573e-06 0.01573987311 4.934785966e-05
0 0.01573497686 0
