ell  q
0 -0.15
5.551303189e-05 -0.15
0.0002220102209 -0.15
0.0004993659047 -0.15
0.0008873708394 -0.15
0.001385732488 -0.15
0.001994075423 -0.15
0.002711941847 -0.15
0.00353879222 -0.15
0.004474006001 -0.15
0.005516882502 -0.15
0.006666641847 -0.15
0.007922426036 -0.15
0.009283300119 -0.15
0.01074825346 -0.15
0.01231620113 -0.15
0.01398598532 -0.15
0.01575637699 -0.15
0.01762607741 -0.15
0.01959372 -0.15
0.02165787208 -0.15
0.0238170368 -0.15
0.02606965509 -0.15
0.02841410774 -0.15
0.03084871751 -0.15
0.03337175126 -0.15
0.03598142226 -0.15
0.03867589244 -0.15
0.04145327472 -0.15
0.04431163545 -0.15
0.04724899677 -0.15
0.05026333917 -0.15
0.0533526039 -0.15
0.05651469556 -0.15
0.05974748461 -0.15
0.06304881 -0.15
0.06641648168 -0.15
0.06984828324 -0.15
0.07334197451 -0.15
0.07689529414 -0.15
0.08050596221 -0.15
0.08417168283 -0.15
0.08789014667 -0.15
0.09165903358 -0.15
0.09547601508 -0.15
0.09933875689 -0.15
0.1032449214 0.1532449214
0.1071921702 0.1571921702
0.1111781664 0.1611781664
0.115200577 0.165200577
0.1192570754 0.1692570754
0.1233453433 0.1733453433
0.1274630735 0.1774630735
0.1316079716 0.1816079716
0.1357777583 0.1857777583
0.1399701717 0.1899701717
0.1441829688 0.1941829688
0.1484139281 0.1984139281
0.1526608509 0.2026608509
0.1569215634 0.2069215634
0.1611939187 0.2111939187
0.1654757979 0.2154757979
0.1697651122 0.2197651122
0.1740598043 0.2240598043
0.1783578499 0.2283578499
0.1826572589 0.2326572589
0.1869560771 0.2369560771
0.1912523871 0.2412523871
0.1955443096 0.2455443096
0.1998300047 0.2498300047
0.2041076726 0.2541076726
0.2083755547 0.2583755547
0.2126319345 0.2626319345
0.2168751383 0.2668751383
0.2211035362 0.2711035362
0.2253155423 0.2753155423
0.2295096156 0.2795096156
0.2336842604 0.2836842604
0.237838027 0.287838027
0.2419695115 0.2919695115
0.2460773566 0.2960773566
0.2501602517 0.3001602517
0.2542169329 0.3042169329
0.2582461832 0.3082461832
0.2622468328 0.3122468328
0.2662177586 0.3162177586
0.2701578844 0.3201578844
0.2740661808 0.3240661808
0.2779416648 0.3279416648
0.2817833997 0.3317833997
0.2855904949 0.3355904949
0.2893621052 0.3393621052
0.2930974308 0.3430974308
0.2967957165 0.3467957165
0.3004562515 0.3504562515
0.3040783686 0.3540783686
0.3076614441 0.3576614441
0.3112048965 0.3612048965
0.3147081865 0.3647081865
0.3181708159 0.3681708159
0.321592327 0.371592327
0.3249723022 0.3749723022
0.3283103627 0.3783103627
0.3316061681 0.3816061681
0.3348594153 0.3848594153
0.338069838 0.388069838
0.3412372057 0.3912372057
0.3443613226 0.3943613226
0.3474420272 0.3974420272
0.350479191 0.400479191
0.3534727178 0.4034727178
0.3564225427 0.4064225427
0.3593286312 0.4093286312
0.3621909784 0.4121909784
0.3650096077 0.4150096077
0.3677845705 0.4177845705
0.3705159445 0.4205159445
0.3732038334 0.4232038334
0.3758483657 0.4258483657
0.3784496936 0.4284496936
0.3810079925 0.4310079925
0.3835234596 0.4335234596
0.3859963135 0.4359963135
0.3884267929 0.4384267929
0.3908151557 0.4408151557
0.3931616783 0.4431616783
0.3954666549 0.4454666549
0.397730396 0.447730396
0.3999532281 0.4499532281
0.402135493 0.452135493
0.4042775461 0.4542775461
0.4063797566 0.4563797566
0.4084425062 0.4584425062
0.4104661881 0.4604661881
0.412451207 0.462451207
0.4143979774 0.4643979774
0.4163069236 0.4663069236
0.4181784787 0.4681784787
0.420013084 0.470013084
0.4218111879 0.4718111879
0.4235732461 0.4735732461
0.4252997201 0.4752997201
0.4269910771 0.4769910771
0.4286477891 0.4786477891
0.4302703325 0.4802703325
0.4318591875 0.4818591875
0.4334148374 0.4834148374
0.4349377685 0.4849377685
0.4364284689 0.4864284689
0.4378874287 0.4878874287
0.4393151389 0.4893151389
0.4407120917 0.4907120917
0.4420787792 0.4920787792
0.4434156936 0.4934156936
0.4447233267 0.4947233267
0.4460021692 0.4960021692
0.4472527106 0.4972527106
0.4484754389 0.4984754389
0.4496708402 0.4996708402
0.4508393981 0.5008393981
0.4519815939 0.5019815939
0.453097906 0.503097906
0.4541888096 0.5041888096
0.4552547765 0.5052547765
0.4562962751 0.5062962751
0.4573137697 0.5073137697
0.4583077209 0.5083077209
0.4592785847 0.5092785847
0.4602268127 0.5102268127
0.4611528522 0.5111528522
0.4620571454 0.5120571454
0.4629401298 0.5129401298
0.4638022377 0.5138022377
0.4646438962 0.5146438962
0.4654655273 0.5154655273
0.4662675474 0.5162675474
0.4670503675 0.5170503675
0.467814393 0.517814393
0.4685600237 0.5185600237
0.4692876536 0.5192876536
0.4699976709 0.5199976709
0.4706904581 0.5206904581
0.4713663917 0.5213663917
0.4720258425 0.5220258425
0.472669175 0.522669175
0.4732967482 0.5232967482
0.4739089149 0.5239089149
0.4745060219 0.5245060219
0.4750884102 0.5250884102
0.4756564148 0.5256564148
0.4762103647 0.5262103647
0.4767505829 0.5267505829
0.4772773868 0.5272773868
0.4777910875 0.5277910875
0.4782919907 0.5282919907
0.478780396 0.528780396
0.4792565972 0.5292565972
0.4797208826 0.5297208826
0.4801735346 0.5301735346
0.4806148302 0.5306148302
0.4810450405 0.5310450405
0.4814644314 0.5314644314
0.4818732631 0.5318732631
0.4822717906 0.5322717906
0.4826602632 0.5326602632
0.4830389254 0.5330389254
0.4834080161 0.5334080161
0.4837677692 0.5337677692
0.4841184134 0.5341184134
0.4844601727 0.5344601727
0.4847932658 0.5347932658
0.4851179066 0.5351179066
0.4854343044 0.5354343044
0.4857426637 0.5357426637
0.4860431841 0.5360431841
0.486336061 0.536336061
0.4866214851 0.5366214851
0.4868996426 0.5368996426
0.4871707156 0.5371707156
0.4874348817 0.5374348817
0.4876923144 0.5376923144
0.4879431831 0.5379431831
0.4881876531 0.5381876531
0.4884258857 0.5384258857
0.4886580384 0.5386580384
0.4888842648 0.5388842648
0.4891047149 0.5391047149
0.4893195347 0.5393195347
0.489528867 0.539528867
0.4897328508 0.5397328508
0.4899316217 0.5399316217
0.4901253119 0.5401253119
0.4903140504 0.5403140504
0.4904979628 0.5404979628
0.4906771717 0.5406771717
0.4908517964 0.5408517964
0.4910219532 0.5410219532
0.4911877555 0.5411877555
0.4913493138 0.5413493138
0.4915067356 0.5415067356
0.4916601259 0.5416601259
0.4918095866 0.5418095866
0.4919552172 0.5419552172
0.4920971145 0.5420971145
0.4922353729 0.5422353729
0.4923700842 0.5423700842
0.4925013376 0.5425013376
0.4926292204 0.5426292204
0.4927538171 0.5427538171
0.4928752102 0.5428752102
0.49299348 0.54299348
0.4931087045 0.5431087045
0.4932209597 0.5432209597
0.4933303197 0.5433303197
0.4934368562 0.5434368562
0.4935406392 0.5435406392
0.4936417369 0.5436417369
0.4937402155 0.5437402155
0.4938361393 0.5438361393
0.493929571 0.543929571
0.4940205715 0.5440205715
0.4941092 0.5441092
0.494195514 0.544195514
0.4942795695 0.5442795695
0.4943614209 0.5443614209
0.4944411211 0.5444411211
0.4945187215 0.5445187215
0.4945942719 0.5445942719
0.494667821 0.544667821
0.4947394158 0.5447394158
0.4948091022 0.5448091022
0.4948769246 0.5448769246
0.4949429263 0.5449429263
0.4950071491 0.5450071491
0.4950696338 0.5450696338
0.49513042 0.54513042
0.495189546 0.545189546
0.4952470492 0.5452470492
0.4953029655 0.5453029655
0.4953573302 0.5453573302
0.4954101773 0.5454101773
0.4954615397 0.5454615397
0.4955114495 0.5455114495
0.4955599377 0.5455599377
0.4956070344 0.5456070344
0.4956527687 0.5456527687
0.4956971689 0.5456971689
0.4957402624 0.5457402624
0.4957820755 0.5457820755
0.4958226341 0.5458226341
0.4958619629 0.5458619629
0.495900086 0.545900086
0.4959370266 0.5459370266
0.4959728071 0.5459728071
0.4960074492 0.5460074492
0.4960409741 0.5460409741
0.4960734018 0.5460734018
0.496104752 0.546104752
0.4961350436 0.5461350436
0.4961642947 0.5461642947
0.4961925228 0.5461925228
0.496219745 0.546219745
0.4962459774 0.5462459774
0.4962712356 0.5462712356
0.4962955347 0.5462955347
0.4963188892 0.5463188892
0.4963413129 0.5463413129
0.496362819 0.546362819
0.4963834202 0.5463834202
0.4964031288 0.5464031288
0.4964219563 0.5464219563
0.4964399138 0.5464399138
0.4964570119 0.5464570119
0.4964732605 0.5464732605
0.4964886693 0.5464886693
0.4965032471 0.5465032471
0.4965170026 0.5465170026
0.4965299438 0.5465299438
0.4965420781 0.5465420781
0.4965534127 0.5465534127
0.4965639542 0.5465639542
0.4965737086 0.5465737086
0.4965826817 0.5465826817
0.4965908786 0.5465908786
0.4965983042 0.5465983042
0.4966049626 0.5466049626
0.4966108579 0.5466108579
0.4966159933 0.5466159933
0.4966203718 0.5466203718
0.496623996 0.546623996
0.496626868 0.546626868
0.4966289894 0.5466289894
0.4966303614 0.5466303614
0.4966309849 0.5466309849
0.4966308602 0.5466310265
0.4966299873 0.5466310265
0.4966283656 0.5466310265
0.4966259941 0.5466310265
0.4966228716 0.5466310265
0.4966189962 0.5466310265
0.4966143657 0.5466310265
0.4966089774 0.5466310265
0.4966028281 0.5466310265
0.4965959144 0.5466310265
0.4965882323 0.5466310265
0.4965797771 0.5466310265
0.4965705442 0.5466310265
0.4965605281 0.5466310265
0.4965497229 0.5466310265
0.4965381225 0.5466310265
0.4965257201 0.5466310265
0.4965125083 0.5466310265
0.4964984796 0.5466310265
0.4964836258 0.5466310265
0.4964679381 0.5466310265
0.4964514074 0.5466310265
0.496434024 0.5466310265
0.4964157777 0.5466310265
0.4963966577 0.5466310265
0.4963766529 0.5466310265
0.4963557514 0.5466310265
0.4963339409 0.5466310265
0.4963112085 0.5466310265
0.4962875407 0.5466310265
0.4962629235 0.5466310265
0.4962373422 0.5466310265
0.4962107817 0.5466310265
0.496183226 0.5466310265
0.4961546588 0.5466310265
0.4961250629 0.5466310265
0.4960944205 0.5466310265
0.4960627132 0.5466310265
0.496029922 0.5466310265
0.495996027 0.5466310265
0.4959610078 0.5466310265
0.495924843 0.5466310265
0.4958875108 0.5466310265
0.4958489885 0.5466310265
0.4958092525 0.5466310265
0.4957682785 0.5466310265
0.4957260414 0.5466310265
0.4956825154 0.5466310265
0.4956376735 0.5466310265
0.4955914883 0.5466310265
0.495543931 0.5466310265
0.4954949724 0.5466310265
0.4954445819 0.5466310265
0.4953927282 0.5466310265
0.495339379 0.5466310265
0.4952845009 0.5466310265
0.4952280595 0.5466310265
0.4951700195 0.5466310265
0.4951103443 0.5466310265
0.4950489962 0.5466310265
0.4949859366 0.5466310265
0.4949211254 0.5466310265
0.4948545216 0.5466310265
0.4947860827 0.5466310265
0.4947157652 0.5466310265
0.4946435241 0.5466310265
0.4945693132 0.5466310265
0.4944930849 0.5466310265
0.4944147902 0.5466310265
0.4943343787 0.5466310265
0.4942517985 0.5466310265
0.4941669963 0.5466310265
0.4940799171 0.5466310265
0.4939905045 0.5466310265
0.4938987003 0.5466310265
0.4938044447 0.5466310265
0.4937076763 0.5466310265
0.493608332 0.5466310265
0.4935063466 0.5466310265
0.4934016533 0.5466310265
0.4932941836 0.5466310265
0.4931838666 0.5466310265
0.49307063 0.5466310265
0.4929543989 0.5466310265
0.4928350968 0.5466310265
0.4927126448 0.5466310265
0.4925869621 0.5466310265
0.4924579653 0.5466310265
0.492325569 0.5466310265
0.4921896854 0.5466310265
0.4920502243 0.5466310265
0.4919070932 0.5466310265
0.4917601968 0.5466310265
0.4916094374 0.5466310265
0.4914547148 0.5466310265
0.4912959259 0.5466310265
0.491132965 0.5466310265
0.4909657236 0.5466310265
0.4907940903 0.5466310265
0.4906179506 0.5466310265
0.4904371873 0.5466310265
0.4902516799 0.5466310265
0.490061305 0.5466310265
0.4898659357 0.5466310265
0.489665442 0.5466310265
0.4894596907 0.5466310265
0.4892485448 0.5466310265
0.4890318643 0.5466310265
0.4888095052 0.5466310265
0.4885813201 0.5466310265
0.4883471581 0.5466310265
0.488106864 0.5466310265
0.4878602792 0.5466310265
0.4876072411 0.5466310265
0.487347583 0.5466310265
0.487081134 0.5466310265
0.4868077195 0.5466310265
0.4865271602 0.5466310265
0.4862392728 0.5466310265
0.4859438694 0.5466310265
0.485640758 0.5466310265
0.4853297417 0.5466310265
0.4850106191 0.5466310265
0.4846831843 0.5466310265
0.4843472266 0.5466310265
0.4840025302 0.5466310265
0.4836488748 0.5466310265
0.4832860348 0.5466310265
0.4829137799 0.5466310265
0.4825318744 0.5466310265
0.4821400775 0.5466310265
0.4817381433 0.5466310265
0.4813258204 0.5466310265
0.4809028522 0.5466310265
0.4804689766 0.5466310265
0.480023926 0.5466310265
0.4795674272 0.5466310265
0.4790992015 0.5466310265
0.4786189646 0.5466310265
0.4781264263 0.5466310265
0.4776212909 0.5466310265
0.4771032566 0.5466310265
0.4765720162 0.5466310265
0.4760272563 0.5466310265
0.4754686577 0.5466310265
0.4748958954 0.5466310265
0.4743086384 0.5466310265
0.4737065496 0.5466310265
0.4730892863 0.5466310265
0.4724564995 0.5466310265
0.4718078343 0.5466310265
0.4711429301 0.5466310265
0.4704614201 0.5466310265
0.4697629317 0.5466310265
0.4690470863 0.5466310265
0.4683134996 0.5466310265
0.4675617814 0.5466310265
0.4667915357 0.5466310265
0.4660023609 0.5466310265
0.4651938497 0.5466310265
0.4643655894 0.5466310265
0.4635171615 0.5466310265
0.4626481425 0.5466310265
0.4617581035 0.5466310265
0.4608466104 0.5466310265
0.4599132241 0.5466310265
0.4589575007 0.5466310265
0.4579789915 0.5466310265
0.4569772435 0.5466310265
0.4559517988 0.5466310265
0.4549021959 0.5466310265
0.453827969 0.5466310265
0.4527286485 0.5466310265
0.4516037615 0.5466310265
0.4504528316 0.5466310265
0.4492753795 0.5466310265
0.4480709231 0.5466310265
0.4468389778 0.5466310265
0.445579057 0.5466310265
0.4442906722 0.5466310265
0.4429733332 0.5466310265
0.4416265491 0.5466310265
0.4402498279 0.5466310265
0.4388426773 0.5466310265
0.4374046052 0.5466310265
0.4359351197 0.5466310265
0.4344337301 0.5466310265
0.4328999469 0.5466310265
0.4313332825 0.5466310265
0.4297332516 0.5466310265
0.4280993719 0.5466310265
0.4264311643 0.5466310265
0.4247281539 0.5466310265
0.4229898701 0.5466310265
0.4212158477 0.5466310265
0.4194056269 0.5466310265
0.4175587545 0.5466310265
0.4156747843 0.5466310265
0.4137532777 0.5466310265
0.4117938045 0.5466310265
0.4097959436 0.5466310265
0.4077592835 0.5466310265
0.4056834234 0.5466310265
0.4035679738 0.5466310265
0.4014125572 0.5466310265
0.3992168087 0.5466310265
0.3969803775 0.5466310265
0.3947029267 0.5466310265
0.3923841352 0.5466310265
0.3900236977 0.5466310265
0.3876213258 0.5466310265
0.3851767494 0.5466310265
0.3826897166 0.5466310265
0.3801599954 0.5466310265
0.3775873744 0.5466310265
0.3749716634 0.5466310265
0.3723126947 0.5466310265
0.3696103238 0.5466310265
0.3668644305 0.5466310265
0.3640749195 0.5466310265
0.3612417219 0.5466310265
0.3583647955 0.5466310265
0.3554441262 0.5466310265
0.3524797287 0.5466310265
0.3494716475 0.5466310265
0.3464199579 0.5466310265
0.3433247666 0.5466310265
0.3401862131 0.5466310265
0.3370044703 0.5466310265
0.3337797454 0.5466310265
0.3305122808 0.5466310265
0.3272023549 0.5466310265
0.3238502831 0.5466310265
0.3204564186 0.5466310265
0.317021153 0.5466310265
0.3135449173 0.5466310265
0.3100281824 0.5466310265
0.3064714603 0.5466310265
0.3028753043 0.5466310265
0.2992403097 0.5466310265
0.2955671149 0.5455671149
0.2918564014 0.5418564014
0.2881088948 0.5381088948
0.2843253651 0.5343253651
0.2805066272 0.5305066272
0.2766535413 0.5266535413
0.2727670135 0.5227670135
0.2688479958 0.5188479958
0.2648974867 0.5148974867
0.2609165311 0.5109165311
0.2569062208 0.5069062208
0.2528676945 0.5028676945
0.2488021379 0.4988021379
0.2447107834 0.4947107834
0.2405949105 0.4905949105
0.2364558456 0.4864558456
0.2322949613 0.4822949613
0.2281136769 0.4781136769
0.2239134576 0.4739134576
0.2196958142 0.4696958142
0.2154623026 0.4654623026
0.2112145235 0.4612145235
0.2069541215 0.4569541215
0.2026827846 0.4526827846
0.1984022436 0.4484022436
0.1941142707 0.4441142707
0.1898206792 0.4398206792
0.1855233225 0.4355233225
0.1812240925 0.4312240925
0.176924919 0.426924919
0.1726277684 0.4226277684
0.1683346423 0.4183346423
0.1640475762 0.4140475762
0.159768638 0.409768638
0.1554999268 0.4054999268
0.1512435709 0.4012435709
0.1470017265 0.3970017265
0.1427765758 0.3927765758
0.1385703253 0.3885703253
0.134385204 0.384385204
0.1302234612 0.3802234612
0.1260873651 0.3760873651
0.1219792 0.3719792
0.117901265 0.367901265
0.1138558712 0.3638558712
0.1098453399 0.3598453399
0.105872 0.355872
0.1019381862 0.3519381862
0.09804623606 0.3480462361
0.09419848807 0.3441984881
0.09039727897 0.340397279
0.08664494139 0.3366449414
0.08294380131 0.3329438013
0.07929617556 0.3292961756
0.07570436927 0.3257043693
0.0721706733 0.3221706733
0.06869736166 0.3186973617
0.06528668894 0.3152866889
0.06194088768 0.3119408877
0.05866216577 0.3086621658
0.0554527039 0.3054527039
0.0523146529 0.3023146529
0.04925013122 0.2992501312
0.04626122232 0.2962612223
0.04334997214 0.2933499721
0.0405183866 0.2905183866
0.03776842909 0.2877684291
0.035102018 0.285102018
0.03252102434 0.2825210243
0.03002726932 0.2800272693
0.02762252207 0.2776225221
0.02530849733 0.2753084973
0.02308685325 0.2730868532
0.02095918921 0.2709591892
0.01892704378 0.2689270438
0.01699189261 0.2669918926
0.01515514658 0.2651551466
0.01341814984 0.2634181498
0.01178217808 0.2617821781
0.01024843678 0.2602484368
0.008818059612 0.2588180596
0.007492106911 0.2574921069
0.006271564228 0.2562715642
0.005157341 0.255157341
0.004150269308 0.2541502693
0.003251102748 0.2532511027
0.002460515393 0.2524605154
0.001779100872 0.2517791009
0.001207371555 0.2512073716
0.0007457578479 0.2507457578
0.0003946075987 0.2503946076
0.0001541856198 0.2501541856
2.467332104e-05 0.2500246733
0 0.25
