ell  q
0 0
0.003 0
0.006 0
0.009 0
0.012 0
0.015 0
0.018 0
0.021 0
0.024 0
0.027 0
0.03 0
0.033 0
0.036 0
0.039 0
0.042 0
0.045 0
0.048 0
0.051 0
0.054 0
0.057 0
0.06 0
0.063 0
0.066 0
0.069 0
0.072 0
0.075 0
0.078 0
0.081 0
0.084 0
0.087 0
0.09 0
0.093 0
0.096 0
0.099 0
0.102 0
0.105 0
0.108 0
0.111 0
0.114 0
0.117 0
0.12 0
0.123 0
0.126 0
0.129 0
0.132 0
0.135 0
0.138 0
0.141 0
0.144 0
0.147 0
0.15 0
0.153 0
0.156 0
0.159 0
0.162 0
0.165 0
0.168 0
0.171 0
0.174 0
0.177 0
0.18 0
0.183 0
0.186 0
0.189 0
0.192 0
0.195 0
0.198 0
0.201 0
0.204 0
0.207 0
0.21 0
0.213 0
0.216 0
0.219 0
0.222 0
0.225 0
0.228 0
0.231 0
0.234 0
0.237 0
0.24 0
0.243 0
0.246 0
0.249 0
0.252 0
0.255 0
0.258 0
0.261 0
0.264 0
0.267 0
0.27 0
0.273 0
0.276 0
0.279 0
0.282 0
0.285 0
0.288 0
0.291 0
0.294 0
0.297 0
0.3 0
0.3001495 7.475000002e-05
0.300596 0.000298
0.3013365 0.00066825
0.3023680003 0.001184
0.303687501 0.00184375
0.3052920031 0.002646
0.3071785077 0.00358925
0.309344017 0.004672
0.3117855341 0.00589275
0.3145000635 0.00725
0.3174846114 0.00874225
0.3207361858 0.010368
0.3242517972 0.01212575
0.3280284587 0.014014
0.3320631867 0.01603125
0.3363530008 0.018176
0.3408949247 0.02044675
0.3456859864 0.022842
0.3507232185 0.02536025
0.3560036588 0.028
0.3615243508 0.03075975
0.367282344 0.033638
0.3732746942 0.03663325
0.379498464 0.039744
0.3859507235 0.04296875
0.3926285503 0.046306
0.3995290302 0.04975425
0.4066492572 0.053312
0.4139863344 0.05697775
0.4215373738 0.06075
0.4292994973 0.06462725
0.4372698363 0.068608
0.4454455326 0.07269075
0.4538237383 0.076874
0.4624016164 0.08115625
0.4711763409 0.085536
0.4801450968 0.09001175
0.489305081 0.094582
0.4986535016 0.09924525
0.5081875787 0.104
0.5179045446 0.10884475
0.5278016432 0.113778
0.537876131 0.11879825
0.5481252766 0.123904
0.558546361 0.12909375
0.5691366774 0.134366
0.5798935314 0.13971925
0.590814241 0.145152
0.6018961362 0.15066275
0.6131365594 0.15625
0.624532865 0.16191225
0.6360824193 0.167648
0.6477826003 0.17345575
0.6596307976 0.179334
0.6716244121 0.18528125
0.683760856 0.191296
0.6960375521 0.19737675
0.7084519338 0.203522
0.7210014448 0.20973025
0.7336835386 0.216
0.7464956781 0.22232975
0.7594353354 0.228718
0.7724999912 0.23516325
0.7856871346 0.241664
0.798994262 0.24821875
0.8124188775 0.254826
0.8259584915 0.26148425
0.8396106209 0.268192
0.853372788 0.27494775
0.8672425201 0.28175
0.8812173489 0.28859725
0.8952948098 0.295488
0.9094724414 0.30242075
0.9237477845 0.309394
0.9381183818 0.31640625
0.952581777 0.323456
0.9671355138 0.33054175
0.9817771357 0.337662
0.9965041847 0.34481525
1.011314201 0.352
1.026204721 0.35921475
1.04117328 0.366458
1.056217405 0.37372825
1.071334621 0.381024
1.086522445 0.38834375
1.101778387 0.395686
1.11709995 0.40304925
1.132484628 0.410432
1.147929904 0.41783275
1.163433251 0.42525
1.178992131 0.43268225
1.194603994 0.440128
1.210266275 0.44758575
1.225976395 0.455054
1.241731761 0.46253125
1.257529763 0.470016
1.273367773 0.47750675
1.289243146 0.485002
1.305153218 0.49250025
1.321095305 0.5
1.337066703 0.50749975
1.353064682 0.514998
1.369086496 0.52249325
1.385129369 0.529984
1.401190505 0.53746875
1.41726708 0.544946
1.433356245 0.55241425
1.449455123 0.559872
1.465560808 0.56731775
1.481670369 0.57475
1.49778084 0.58216725
1.513889227 0.589568
1.529992507 0.59695075
1.546087619 0.604314
1.562171475 0.61165625
1.578240949 0.618976
1.594292884 0.62627175
1.610324085 0.633542
1.626331323 0.64078525
1.642311331 0.648
1.658260808 0.65518475
1.674176412 0.662338
1.690054764 0.66945825
1.705892448 0.676544
1.721686006 0.68359375
1.737431942 0.690606
1.753126721 0.69757925
1.768766765 0.704512
1.784348457 0.71140275
1.799868139 0.71825
1.815322111 0.72505225
1.830706631 0.731808
1.846017916 0.73851575
1.861252142 0.745174
1.876405442 0.75178125
1.891473908 0.758336
1.906453589 0.76483675
1.921340492 0.771282
1.936130584 0.77767025
1.95081979 0.784
1.965403993 0.79026975
1.979879035 0.796478
1.994240718 0.80262325
2.008484804 0.808704
2.022607016 0.81471875
2.036603035 0.820666
2.050468506 0.82654425
2.064199035 0.832352
2.077790192 0.83808775
2.09123751 0.84375
2.104536485 0.84933725
2.11768258 0.854848
2.130671224 0.86028075
2.143497813 0.865634
2.156157713 0.87090625
2.168646257 0.876096
2.180958751 0.88120175
2.193090472 0.886222
2.205036672 0.89115525
2.216792577 0.896
2.22835339 0.90075475
2.239714292 0.905418
2.250870445 0.90998825
2.261816989 0.914464
2.272549052 0.91884375
2.283061745 0.923126
2.293350164 0.92730925
2.303409399 0.931392
2.313234526 0.93537275
2.322820618 0.93925
2.332162741 0.94302225
2.341255961 0.946688
2.350095341 0.95024575
2.358675948 0.953694
2.366992854 0.95703125
2.375041138 0.960256
2.382815886 0.96336675
2.3903122 0.966362
2.397525193 0.96924025
2.404449999 0.972
2.411081769 0.97463975
2.417415679 0.977158
2.423446928 0.97955325
2.429170745 0.981824
2.43458239 0.98396875
2.439677156 0.985986
2.444450373 0.98787425
2.448897412 0.989632
2.453013684 0.99125775
2.456794647 0.99275
2.460235807 0.99410725
2.463332721 0.995328
2.466080999 0.99641075
2.468476311 0.997354
2.470514385 0.99815625
2.472191009 0.998816
2.473502042 0.99933175
2.474443408 0.999702
2.475011102 0.99992525
2.475201194 1
2.466201194 1
2.457201194 1
2.448201194 1
2.439201194 1
2.430201194 1
2.421201194 1
2.412201194 1
2.403201194 1
2.394201194 1
2.385201194 1
2.376201194 1
2.367201194 1
2.358201194 1
2.349201194 1
2.340201194 1
2.331201194 1
2.322201194 1
2.313201194 1
2.304201194 1
2.295201194 1
2.286201194 1
2.277201194 1
2.268201194 1
2.259201194 1
2.250201194 1
2.241201194 1
2.232201194 1
2.223201194 1
2.214201194 1
2.205201194 1
2.196201194 1
2.187201194 1
2.178201194 1
2.169201194 1
2.160201194 1
2.151201194 1
2.142201194 1
2.133201194 1
2.124201194 1
2.115201194 1
2.106201194 1
2.097201194 1
2.088201194 1
2.079201194 1
2.070201194 1
2.061201194 1
2.052201194 1
2.043201194 1
2.034201194 1
2.025201194 1
2.016201194 1
2.007201194 1
1.998201194 1
1.989201194 1
1.980201194 1
1.971201194 1
1.962201194 1
1.953201194 1
1.944201194 1
1.935201194 1
1.926201194 1
1.917201194 1
1.908201194 1
1.899201194 1
1.890201194 1
1.881201194 1
1.875180025 0.9999916759
1.874863634 0.9998672593
1.874170942 0.9995948426
1.873105906 0.9991759259
1.871672553 0.9986120093
1.869874981 0.9979045926
1.867717358 0.9970551759
1.865203912 0.9960652593
1.862338938 0.9949363426
1.859126785 0.9936699259
1.855571861 0.9922675093
1.851678626 0.9907305926
1.847451592 0.9890606759
1.842895315 0.9872592593
1.838014398 0.9853278426
1.832813485 0.9832679259
1.827297258 0.9810810093
1.821470435 0.9787685926
1.815337768 0.9763321759
1.808904037 0.9737732593
1.802174051 0.9710933426
1.795152643 0.9682939259
1.787844667 0.9653765093
1.780254999 0.9623425926
1.772388527 0.9591936759
1.764250157 0.9559312593
1.755844803 0.9525568426
1.74717739 0.9490719259
1.738252848 0.9454780093
1.729076113 0.9417765926
1.719652118 0.9379691759
1.7099858 0.9340572593
1.700082089 0.9300423426
1.689945913 0.9259259259
1.679582191 0.9217095093
1.668995831 0.9173945926
1.658191731 0.9129826759
1.647174777 0.9084752593
1.635949836 0.9038738426
1.62452176 0.8991799259
1.612895382 0.8943950093
1.601075513 0.8895205926
1.589066943 0.8845581759
1.576874438 0.8795092593
1.564502737 0.8743753426
1.551956555 0.8691579259
1.539240575 0.8638585093
1.526359454 0.8584785926
1.513317816 0.8530196759
1.500120255 0.8474832593
1.48677133 0.8418708426
1.473275568 0.8361839259
1.459637458 0.8304240093
1.445861458 0.8245925926
1.431951984 0.8186911759
1.417913419 0.8127212593
1.403750105 0.8066843426
1.389466347 0.8005819259
1.375066408 0.7944155093
1.360554515 0.7881865926
1.345934851 0.7818966759
1.331211561 0.7755472593
1.316388748 0.7691398426
1.301470472 0.7626759259
1.286460755 0.7561570093
1.271363574 0.7495845926
1.256182867 0.7429601759
1.240922527 0.7362852593
1.225586407 0.7295613426
1.210178318 0.7227899259
1.19470203 0.7159725093
1.179161269 0.7091105926
1.163559721 0.7022056759
1.147901032 0.6952592593
1.132188806 0.6882728426
1.116426604 0.6812479259
1.100617951 0.6741860093
1.084766329 0.6670885926
1.068875182 0.6599571759
1.052947914 0.6527932593
1.03698789 0.6455983426
1.02099844 0.6383739259
1.004982854 0.6311215093
0.9889443845 0.6238425926
0.9728862502 0.6165386759
0.9568116327 0.6092112593
0.9407236791 0.6018618426
0.9246255025 0.5944919259
0.9085201824 0.5871030093
0.8924107656 0.5796965926
0.876300267 0.5722741759
0.8601916705 0.5648372593
0.8440879296 0.5573873426
0.8279919682 0.5499259259
0.8119066817 0.5424545093
0.7958349377 0.5349745926
0.7797795769 0.5274876759
0.7637434139 0.5199952593
0.7477292381 0.5124988426
0.7317398147 0.5049999259
0.7157778858 0.4975000093
0.6998461706 0.4900005926
0.6839473674 0.4825031759
0.6680841534 0.4750092593
0.6522591865 0.4675203426
0.6364751058 0.4600379259
0.6207345325 0.4525635093
0.6050400714 0.4450985926
0.5893943109 0.4376446759
0.5737998247 0.4302032593
0.5582591726 0.4227758426
0.5427749011 0.4153639259
0.5273495445 0.4079690093
0.511985626 0.4005925926
0.4966856585 0.3932361759
0.4814521452 0.3859012593
0.4662875811 0.3785893426
0.4511944532 0.3713019259
0.436175242 0.3640405093
0.4212324218 0.3568065926
0.4063684622 0.3496016759
0.3915858282 0.3424272593
0.3768869817 0.3352848426
0.3622743819 0.3281759259
0.347750486 0.3211020093
0.3333177506 0.3140645926
0.3189786317 0.3070651759
0.304735586 0.3001052593
0.2905910713 0.2931863426
0.2765475474 0.2863099259
0.2626074769 0.2794775093
0.2487733253 0.2726905926
0.2350475625 0.2659506759
0.2214326626 0.2592592593
0.2079311052 0.2526178426
0.1945453755 0.2460279259
0.1812779651 0.2394910093
0.1681313724 0.2330085926
0.1551081033 0.2265821759
0.1422106716 0.2202132593
0.1294415994 0.2139033426
0.1168034175 0.2076539259
0.1042986662 0.2014665093
0.09192989513 0.1953425926
0.07969966409 0.1892836759
0.06761054312 0.1832912593
0.05566511289 0.1773668426
0.04386596503 0.1715119259
0.03221570235 0.1657280093
0.02071693906 0.1600165926
0.00937230102 0.1543791759
-0.0018155741 0.1488172593
-0.01284403667 0.1433323426
-0.02371042496 0.1379259259
-0.03441206505 0.1325995093
-0.04494627075 0.1273545926
-0.05531034356 0.1221926759
-0.06550157265 0.1171152593
-0.07551723483 0.1121238426
-0.08535459464 0.1072199259
-0.09501090438 0.1024050093
-0.1044834042 0.09768059259
-0.1137693221 0.09304817593
-0.1228658743 0.08850925926
-0.1317702651 0.08406534259
-0.1404796874 0.07971792593
-0.1489913226 0.07546850926
-0.157302341 0.07131859259
-0.1654099018 0.06726967593
-0.1733111537 0.06332325926
-0.181003235 0.05948084259
-0.188483274 0.05574392593
-0.1957483891 0.05211400926
-0.2027956894 0.04859259259
-0.2096222749 0.04518117593
-0.2162252368 0.04188125926
-0.2226016582 0.03869434259
-0.2287486141 0.03562192593
-0.234663172 0.03266550926
-0.2403423922 0.02982659259
-0.2457833285 0.02710667593
-0.2509830282 0.02450725926
-0.2559385329 0.02202984259
-0.2606468786 0.01967592593
-0.2651050963 0.01744700926
-0.2693102126 0.01534459259
-0.2732592498 0.01337017593
-0.2769492263 0.01152525926
-0.2803771574 0.009811342593
-0.2835400552 0.008229925926
-0.2864349295 0.006782509259
-0.2890587875 0.005470592593
-0.2914086349 0.004295675926
-0.2934814757 0.003259259259
-0.2952743126 0.002362842593
-0.2967841475 0.001607925926
-0.2980079813 0.0009960092593
-0.2989428148 0.0005285925926
-0.2995856481 0.0002071759259
-0.2999334815 3.325925929e-05
-0.299 9.612976918e-17
-0.296 9.612976918e-17
-0.293 9.612976918e-17
-0.29 9.612976918e-17
-0.287 9.612976918e-17
-0.284 9.612976918e-17
-0.281 9.612976918e-17
-0.278 9.612976918e-17
-0.275 9.612976918e-17
-0.272 9.612976918e-17
-0.269 9.612976918e-17
-0.266 9.612976918e-17
-0.263 9.612976918e-17
-0.26 9.612976918e-17
-0.257 9.612976918e-17
-0.254 9.612976918e-17
-0.251 9.612976918e-17
-0.248 9.612976918e-17
-0.245 9.612976918e-17
-0.242 9.612976918e-17
-0.239 9.612976918e-17
-0.236 9.612976918e-17
-0.233 9.612976918e-17
-0.23 9.612976918e-17
-0.227 9.612976918e-17
-0.224 9.612976918e-17
-0.221 9.612976918e-17
-0.218 9.612976918e-17
-0.215 9.612976918e-17
-0.212 9.612976918e-17
-0.209 9.612976918e-17
-0.206 9.612976918e-17
-0.203 9.612976918e-17
-0.2 9.612976918e-17
-0.197 9.612976918e-17
-0.194 9.612976918e-17
-0.191 9.612976918e-17
-0.188 9.612976918e-17
-0.185 9.612976918e-17
-0.182 9.612976918e-17
-0.179 9.612976918e-17
-0.176 9.612976918e-17
-0.173 9.612976918e-17
-0.17 9.612976918e-17
-0.167 9.612976918e-17
-0.164 9.612976918e-17
-0.161 9.612976918e-17
-0.158 9.612976918e-17
-0.155 9.612976918e-17
-0.152 9.612976918e-17
-0.149 9.612976918e-17
-0.146 9.612976918e-17
-0.143 9.612976918e-17
-0.14 9.612976918e-17
-0.137 9.612976918e-17
-0.134 9.612976918e-17
-0.131 9.612976918e-17
-0.128 9.612976918e-17
-0.125 9.612976918e-17
-0.122 9.612976918e-17
-0.119 9.612976918e-17
-0.116 9.612976918e-17
-0.113 9.612976918e-17
-0.11 9.612976918e-17
-0.107 9.612976918e-17
-0.104 9.612976918e-17
-0.101 9.612976918e-17
-0.098 9.612976918e-17
-0.095 9.612976918e-17
-0.092 9.612976918e-17
-0.089 9.612976918e-17
-0.086 9.612976918e-17
-0.083 9.612976918e-17
-0.08 9.612976918e-17
-0.077 9.612976918e-17
-0.074 9.612976918e-17
-0.071 9.612976918e-17
-0.068 9.612976918e-17
-0.065 9.612976918e-17
-0.062 9.612976918e-17
-0.059 9.612976918e-17
-0.056 9.612976918e-17
-0.053 9.612976918e-17
-0.05 9.612976918e-17
-0.047 9.612976918e-17
-0.044 9.612976918e-17
-0.041 9.612976918e-17
-0.038 9.612976918e-17
-0.035 9.612976918e-17
-0.032 9.612976918e-17
-0.029 9.612976918e-17
-0.026 9.612976918e-17
-0.023 9.612976918e-17
-0.02 9.612976918e-17
-0.017 9.612976918e-17
-0.014 9.612976918e-17
-0.011 9.612976918e-17
-0.008 9.612976918e-17
-0.005 9.612976918e-17
-0.002 9.612976918e-17
0 9.612976918e-17
