ell  q
0 0
5.551303189e-05 0
0.0002220102209 0
0.0004993659047 0
0.0008873708394 0
0.001385732488 0
0.001994075423 0
0.002711941847 0
0.00353879222 0
0.004474006001 0
0.005516882502 0
0.006666641847 0
0.007922426036 0
0.009283300119 0
0.01074825346 0
0.01231620113 0
0.01398598532 0
0.01575637699 0
0.01762607741 0
0.01959372 0
0.02165787208 0
0.0238170368 0
0.02606965509 0
0.02841410774 0
0.03084871751 0
0.03337175126 0
0.03598142226 0
0.03867589244 0
0.04145327472 0
0.04431163545 0
0.04724899677 0
0.05026333917 0
0.0533526039 0
0.05651469556 0
0.05974748461 0
0.06304881 0
0.06641648168 0
0.06984828324 0
0.07334197451 0
0.07689529414 0
0.08050596221 0
0.08417168283 0
0.08789014667 0
0.09165903358 0
0.09547601508 0
0.09933875689 0
0.1032449214 0.003244921421
0.1071921702 0.00719217023
0.1111781664 0.01117816642
0.115200577 0.01520057703
0.1192570754 0.01925707537
0.1233453433 0.0233453433
0.1274630735 0.02746307348
0.1316079716 0.03160797156
0.1357777583 0.0357777583
0.1399701717 0.03997017166
0.1441829688 0.04418296881
0.1484139281 0.04841392808
0.1526608509 0.05266085086
0.1569215634 0.05692156343
0.1611939187 0.06119391869
0.1654757979 0.06547579789
0.1697651122 0.06976511221
0.1740598043 0.07405980433
0.1783578499 0.07835784989
0.1826572589 0.08265725891
0.1869560771 0.08695607708
0.1912523871 0.09125238706
0.1955443096 0.09554430961
0.1998300047 0.09983000471
0.2041076726 0.1041076726
0.2083755547 0.1083755547
0.2126319345 0.1126319345
0.2168751383 0.1168751383
0.2211035362 0.1211035362
0.2253155423 0.1253155423
0.2295096156 0.1295096156
0.2336842604 0.1336842604
0.237838027 0.137838027
0.2419695115 0.1419695115
0.2460773566 0.1460773566
0.2501602517 0.1501602517
0.2542169329 0.1542169329
0.2582461832 0.1582461832
0.2622468328 0.1622468328
0.2662177586 0.1662177586
0.2701578844 0.1701578844
0.2740661808 0.1740661808
0.2779416648 0.1779416648
0.2817833997 0.1817833997
0.2855904949 0.1855904949
0.2893621052 0.1893621052
0.2930974308 0.1930974308
0.2967957165 0.1967957165
0.3004562515 0.2004562515
0.3040783686 0.2040783686
0.3076614441 0.2076614441
0.3112048965 0.2112048965
0.3147081865 0.2147081865
0.3181708159 0.2181708159
0.321592327 0.221592327
0.3249723022 0.2249723022
0.3283103627 0.2283103627
0.3316061681 0.2316061681
0.3348594153 0.2348594153
0.338069838 0.238069838
0.3412372057 0.2412372057
0.3443613226 0.2443613226
0.3474420272 0.2474420272
0.350479191 0.250479191
0.3534727178 0.2534727178
0.3564225427 0.2564225427
0.3593286312 0.2593286312
0.3621909784 0.2621909784
0.3650096077 0.2650096077
0.3677845705 0.2677845705
0.3705159445 0.2705159445
0.3732038334 0.2732038334
0.3758483657 0.2758483657
0.3784496936 0.2784496936
0.3810079925 0.2810079925
0.3835234596 0.2835234596
0.3859963135 0.2859963135
0.3884267929 0.2884267929
0.3908151557 0.2908151557
0.3931616783 0.2931616783
0.3954666549 0.2954666549
0.397730396 0.297730396
0.3999532281 0.2999532281
0.402135493 0.302135493
0.4042775461 0.3042775461
0.4063797566 0.3063797566
0.4084425062 0.3084425062
0.4104661881 0.3104661881
0.412451207 0.312451207
0.4143979774 0.3143979774
0.4163069236 0.3163069236
0.4181784787 0.3181784787
0.420013084 0.320013084
0.4218111879 0.3218111879
0.4235732461 0.3235732461
0.4252997201 0.3252997201
0.4269910771 0.3269910771
0.4286477891 0.3286477891
0.4302703325 0.3302703325
0.4318591875 0.3318591875
0.4334148374 0.3334148374
0.4349377685 0.3349377685
0.4364284689 0.3364284689
0.4378874287 0.3378874287
0.4393151389 0.3393151389
0.4407120917 0.3407120917
0.4420787792 0.3420787792
0.4434156936 0.3434156936
0.4447233267 0.3447233267
0.4460021692 0.3460021692
0.4472527106 0.3472527106
0.4484754389 0.3484754389
0.4496708402 0.3496708402
0.4508393981 0.3508393981
0.4519815939 0.3519815939
0.453097906 0.353097906
0.4541888096 0.3541888096
0.4552547765 0.3552547765
0.4562962751 0.3562962751
0.4573137697 0.3573137697
0.4583077209 0.3583077209
0.4592785847 0.3592785847
0.4602268127 0.3602268127
0.4611528522 0.3611528522
0.4620571454 0.3620571454
0.4629401298 0.3629401298
0.4638022377 0.3638022377
0.4646438962 0.3646438962
0.4654655273 0.3654655273
0.4662675474 0.3662675474
0.4670503675 0.3670503675
0.467814393 0.367814393
0.4685600237 0.3685600237
0.4692876536 0.3692876536
0.4699976709 0.3699976709
0.4706904581 0.3706904581
0.4713663917 0.3713663917
0.4720258425 0.3720258425
0.472669175 0.372669175
0.4732967482 0.3732967482
0.4739089149 0.3739089149
0.4745060219 0.3745060219
0.4750884102 0.3750884102
0.4756564148 0.3756564148
0.4762103647 0.3762103647
0.4767505829 0.3767505829
0.4772773868 0.3772773868
0.4777910875 0.3777910875
0.4782919907 0.3782919907
0.478780396 0.378780396
0.4792565972 0.3792565972
0.4797208826 0.3797208826
0.4801735346 0.3801735346
0.4806148302 0.3806148302
0.4810450405 0.3810450405
0.4814644314 0.3814644314
0.4818732631 0.3818732631
0.4822717906 0.3822717906
0.4826602632 0.3826602632
0.4830389254 0.3830389254
0.4834080161 0.3834080161
0.4837677692 0.3837677692
0.4841184134 0.3841184134
0.4844601727 0.3844601727
0.4847932658 0.3847932658
0.4851179066 0.3851179066
0.4854343044 0.3854343044
0.4857426637 0.3857426637
0.4860431841 0.3860431841
0.486336061 0.386336061
0.4866214851 0.3866214851
0.4868996426 0.3868996426
0.4871707156 0.3871707156
0.4874348817 0.3874348817
0.4876923144 0.3876923144
0.4879431831 0.3879431831
0.4881876531 0.3881876531
0.4884258857 0.3884258857
0.4886580384 0.3886580384
0.4888842648 0.3888842648
0.4891047149 0.3891047149
0.4893195347 0.3893195347
0.489528867 0.389528867
0.4897328508 0.3897328508
0.4899316217 0.3899316217
0.4901253119 0.3901253119
0.4903140504 0.3903140504
0.4904979628 0.3904979628
0.4906771717 0.3906771717
0.4908517964 0.3908517964
0.4910219532 0.3910219532
0.4911877555 0.3911877555
0.4913493138 0.3913493138
0.4915067356 0.3915067356
0.4916601259 0.3916601259
0.4918095866 0.3918095866
0.4919552172 0.3919552172
0.4920971145 0.3920971145
0.4922353729 0.3922353729
0.4923700842 0.3923700842
0.4925013376 0.3925013376
0.4926292204 0.3926292204
0.4927538171 0.3927538171
0.4928752102 0.3928752102
0.49299348 0.39299348
0.4931087045 0.3931087045
0.4932209597 0.3932209597
0.4933303197 0.3933303197
0.4934368562 0.3934368562
0.4935406392 0.3935406392
0.4936417369 0.3936417369
0.4937402155 0.3937402155
0.4938361393 0.3938361393
0.493929571 0.393929571
0.4940205715 0.3940205715
0.4941092 0.3941092
0.494195514 0.394195514
0.4942795695 0.3942795695
0.4943614209 0.3943614209
0.4944411211 0.3944411211
0.4945187215 0.3945187215
0.4945942719 0.3945942719
0.494667821 0.394667821
0.4947394158 0.3947394158
0.4948091022 0.3948091022
0.4948769246 0.3948769246
0.4949429263 0.3949429263
0.4950071491 0.3950071491
0.4950696338 0.3950696338
0.49513042 0.39513042
0.495189546 0.395189546
0.4952470492 0.3952470492
0.4953029655 0.3953029655
0.4953573302 0.3953573302
0.4954101773 0.3954101773
0.4954615397 0.3954615397
0.4955114495 0.3955114495
0.4955599377 0.3955599377
0.4956070344 0.3956070344
0.4956527687 0.3956527687
0.4956971689 0.3956971689
0.4957402624 0.3957402624
0.4957820755 0.3957820755
0.4958226341 0.3958226341
0.4958619629 0.3958619629
0.495900086 0.395900086
0.4959370266 0.3959370266
0.4959728071 0.3959728071
0.4960074492 0.3960074492
0.4960409741 0.3960409741
0.4960734018 0.3960734018
0.496104752 0.396104752
0.4961350436 0.3961350436
0.4961642947 0.3961642947
0.4961925228 0.3961925228
0.496219745 0.396219745
0.4962459774 0.3962459774
0.4962712356 0.3962712356
0.4962955347 0.3962955347
0.4963188892 0.3963188892
0.4963413129 0.3963413129
0.496362819 0.396362819
0.4963834202 0.3963834202
0.4964031288 0.3964031288
0.4964219563 0.3964219563
0.4964399138 0.3964399138
0.4964570119 0.3964570119
0.4964732605 0.3964732605
0.4964886693 0.3964886693
0.4965032471 0.3965032471
0.4965170026 0.3965170026
0.4965299438 0.3965299438
0.4965420781 0.3965420781
0.4965534127 0.3965534127
0.4965639542 0.3965639542
0.4965737086 0.3965737086
0.4965826817 0.3965826817
0.4965908786 0.3965908786
0.4965983042 0.3965983042
0.4966049626 0.3966049626
0.4966108579 0.3966108579
0.4966159933 0.3966159933
0.4966203718 0.3966203718
0.496623996 0.396623996
0.496626868 0.396626868
0.4966289894 0.3966289894
0.4966303614 0.3966303614
0.4966309849 0.3966309849
0.4966308602 0.3966310265
0.4966299873 0.3966310265
0.4966283656 0.3966310265
0.4966259941 0.3966310265
0.4966228716 0.3966310265
0.4966189962 0.3966310265
0.4966143657 0.3966310265
0.4966089774 0.3966310265
0.4966028281 0.3966310265
0.4965959144 0.3966310265
0.4965882323 0.3966310265
0.4965797771 0.3966310265
0.4965705442 0.3966310265
0.4965605281 0.3966310265
0.4965497229 0.3966310265
0.4965381225 0.3966310265
0.4965257201 0.3966310265
0.4965125083 0.3966310265
0.4964984796 0.3966310265
0.4964836258 0.3966310265
0.4964679381 0.3966310265
0.4964514074 0.3966310265
0.496434024 0.3966310265
0.4964157777 0.3966310265
0.4963966577 0.3966310265
0.4963766529 0.3966310265
0.4963557514 0.3966310265
0.4963339409 0.3966310265
0.4963112085 0.3966310265
0.4962875407 0.3966310265
0.4962629235 0.3966310265
0.4962373422 0.3966310265
0.4962107817 0.3966310265
0.496183226 0.3966310265
0.4961546588 0.3966310265
0.4961250629 0.3966310265
0.4960944205 0.3966310265
0.4960627132 0.3966310265
0.496029922 0.3966310265
0.495996027 0.3966310265
0.4959610078 0.3966310265
0.495924843 0.3966310265
0.4958875108 0.3966310265
0.4958489885 0.3966310265
0.4958092525 0.3966310265
0.4957682785 0.3966310265
0.4957260414 0.3966310265
0.4956825154 0.3966310265
0.4956376735 0.3966310265
0.4955914883 0.3966310265
0.495543931 0.3966310265
0.4954949724 0.3966310265
0.4954445819 0.3966310265
0.4953927282 0.3966310265
0.495339379 0.3966310265
0.4952845009 0.3966310265
0.4952280595 0.3966310265
0.4951700195 0.3966310265
0.4951103443 0.3966310265
0.4950489962 0.3966310265
0.4949859366 0.3966310265
0.4949211254 0.3966310265
0.4948545216 0.3966310265
0.4947860827 0.3966310265
0.4947157652 0.3966310265
0.4946435241 0.3966310265
0.4945693132 0.3966310265
0.4944930849 0.3966310265
0.4944147902 0.3966310265
0.4943343787 0.3966310265
0.4942517985 0.3966310265
0.4941669963 0.3966310265
0.4940799171 0.3966310265
0.4939905045 0.3966310265
0.4938987003 0.3966310265
0.4938044447 0.3966310265
0.4937076763 0.3966310265
0.493608332 0.3966310265
0.4935063466 0.3966310265
0.4934016533 0.3966310265
0.4932941836 0.3966310265
0.4931838666 0.3966310265
0.49307063 0.3966310265
0.4929543989 0.3966310265
0.4928350968 0.3966310265
0.4927126448 0.3966310265
0.4925869621 0.3966310265
0.4924579653 0.3966310265
0.492325569 0.3966310265
0.4921896854 0.3966310265
0.4920502243 0.3966310265
0.4919070932 0.3966310265
0.4917601968 0.3966310265
0.4916094374 0.3966310265
0.4914547148 0.3966310265
0.4912959259 0.3966310265
0.491132965 0.3966310265
0.4909657236 0.3966310265
0.4907940903 0.3966310265
0.4906179506 0.3966310265
0.4904371873 0.3966310265
0.4902516799 0.3966310265
0.490061305 0.3966310265
0.4898659357 0.3966310265
0.489665442 0.3966310265
0.4894596907 0.3966310265
0.4892485448 0.3966310265
0.4890318643 0.3966310265
0.4888095052 0.3966310265
0.4885813201 0.3966310265
0.4883471581 0.3966310265
0.488106864 0.3966310265
0.4878602792 0.3966310265
0.4876072411 0.3966310265
0.487347583 0.3966310265
0.487081134 0.3966310265
0.4868077195 0.3966310265
0.4865271602 0.3966310265
0.4862392728 0.3966310265
0.4859438694 0.3966310265
0.485640758 0.3966310265
0.4853297417 0.3966310265
0.4850106191 0.3966310265
0.4846831843 0.3966310265
0.4843472266 0.3966310265
0.4840025302 0.3966310265
0.4836488748 0.3966310265
0.4832860348 0.3966310265
0.4829137799 0.3966310265
0.4825318744 0.3966310265
0.4821400775 0.3966310265
0.4817381433 0.3966310265
0.4813258204 0.3966310265
0.4809028522 0.3966310265
0.4804689766 0.3966310265
0.480023926 0.3966310265
0.4795674272 0.3966310265
0.4790992015 0.3966310265
0.4786189646 0.3966310265
0.4781264263 0.3966310265
0.4776212909 0.3966310265
0.4771032566 0.3966310265
0.4765720162 0.3966310265
0.4760272563 0.3966310265
0.4754686577 0.3966310265
0.4748958954 0.3966310265
0.4743086384 0.3966310265
0.4737065496 0.3966310265
0.4730892863 0.3966310265
0.4724564995 0.3966310265
0.4718078343 0.3966310265
0.4711429301 0.3966310265
0.4704614201 0.3966310265
0.4697629317 0.3966310265
0.4690470863 0.3966310265
0.4683134996 0.3966310265
0.4675617814 0.3966310265
0.4667915357 0.3966310265
0.4660023609 0.3966310265
0.4651938497 0.3966310265
0.4643655894 0.3966310265
0.4635171615 0.3966310265
0.4626481425 0.3966310265
0.4617581035 0.3966310265
0.4608466104 0.3966310265
0.4599132241 0.3966310265
0.4589575007 0.3966310265
0.4579789915 0.3966310265
0.4569772435 0.3966310265
0.4559517988 0.3966310265
0.4549021959 0.3966310265
0.453827969 0.3966310265
0.4527286485 0.3966310265
0.4516037615 0.3966310265
0.4504528316 0.3966310265
0.4492753795 0.3966310265
0.4480709231 0.3966310265
0.4468389778 0.3966310265
0.445579057 0.3966310265
0.4442906722 0.3966310265
0.4429733332 0.3966310265
0.4416265491 0.3966310265
0.4402498279 0.3966310265
0.4388426773 0.3966310265
0.4374046052 0.3966310265
0.4359351197 0.3966310265
0.4344337301 0.3966310265
0.4328999469 0.3966310265
0.4313332825 0.3966310265
0.4297332516 0.3966310265
0.4280993719 0.3966310265
0.4264311643 0.3966310265
0.4247281539 0.3966310265
0.4229898701 0.3966310265
0.4212158477 0.3966310265
0.4194056269 0.3966310265
0.4175587545 0.3966310265
0.4156747843 0.3966310265
0.4137532777 0.3966310265
0.4117938045 0.3966310265
0.4097959436 0.3966310265
0.4077592835 0.3966310265
0.4056834234 0.3966310265
0.4035679738 0.3966310265
0.4014125572 0.3966310265
0.3992168087 0.3966310265
0.3969803775 0.3966310265
0.3947029267 0.3966310265
0.3923841352 0.3966310265
0.3900236977 0.3966310265
0.3876213258 0.3966310265
0.3851767494 0.3966310265
0.3826897166 0.3966310265
0.3801599954 0.3966310265
0.3775873744 0.3966310265
0.3749716634 0.3966310265
0.3723126947 0.3966310265
0.3696103238 0.3966310265
0.3668644305 0.3966310265
0.3640749195 0.3966310265
0.3612417219 0.3966310265
0.3583647955 0.3966310265
0.3554441262 0.3966310265
0.3524797287 0.3966310265
0.3494716475 0.3966310265
0.3464199579 0.3966310265
0.3433247666 0.3966310265
0.3401862131 0.3966310265
0.3370044703 0.3966310265
0.3337797454 0.3966310265
0.3305122808 0.3966310265
0.3272023549 0.3966310265
0.3238502831 0.3966310265
0.3204564186 0.3966310265
0.317021153 0.3966310265
0.3135449173 0.3966310265
0.3100281824 0.3966310265
0.3064714603 0.3966310265
0.3028753043 0.3966310265
0.2992403097 0.3966310265
0.2955671149 0.3955671149
0.2918564014 0.3918564014
0.2881088948 0.3881088948
0.2843253651 0.3843253651
0.2805066272 0.3805066272
0.2766535413 0.3766535413
0.2727670135 0.3727670135
0.2688479958 0.3688479958
0.2648974867 0.3648974867
0.2609165311 0.3609165311
0.2569062208 0.3569062208
0.2528676945 0.3528676945
0.2488021379 0.3488021379
0.2447107834 0.3447107834
0.2405949105 0.3405949105
0.2364558456 0.3364558456
0.2322949613 0.3322949613
0.2281136769 0.3281136769
0.2239134576 0.3239134576
0.2196958142 0.3196958142
0.2154623026 0.3154623026
0.2112145235 0.3112145235
0.2069541215 0.3069541215
0.2026827846 0.3026827846
0.1984022436 0.2984022436
0.1941142707 0.2941142707
0.1898206792 0.2898206792
0.1855233225 0.2855233225
0.1812240925 0.2812240925
0.176924919 0.276924919
0.1726277684 0.2726277684
0.1683346423 0.2683346423
0.1640475762 0.2640475762
0.159768638 0.259768638
0.1554999268 0.2554999268
0.1512435709 0.2512435709
0.1470017265 0.2470017265
0.1427765758 0.2427765758
0.1385703253 0.2385703253
0.134385204 0.234385204
0.1302234612 0.2302234612
0.1260873651 0.2260873651
0.1219792 0.2219792
0.117901265 0.217901265
0.1138558712 0.2138558712
0.1098453399 0.2098453399
0.105872 0.205872
0.1019381862 0.2019381862
0.09804623606 0.1980462361
0.09419848807 0.1941984881
0.09039727897 0.190397279
0.08664494139 0.1866449414
0.08294380131 0.1829438013
0.07929617556 0.1792961756
0.07570436927 0.1757043693
0.0721706733 0.1721706733
0.06869736166 0.1686973617
0.06528668894 0.1652866889
0.06194088768 0.1619408877
0.05866216577 0.1586621658
0.0554527039 0.1554527039
0.0523146529 0.1523146529
0.04925013122 0.1492501312
0.04626122232 0.1462612223
0.04334997214 0.1433499721
0.0405183866 0.1405183866
0.03776842909 0.1377684291
0.035102018 0.135102018
0.03252102434 0.1325210243
0.03002726932 0.1300272693
0.02762252207 0.1276225221
0.02530849733 0.1253084973
0.02308685325 0.1230868532
0.02095918921 0.1209591892
0.01892704378 0.1189270438
0.01699189261 0.1169918926
0.01515514658 0.1151551466
0.01341814984 0.1134181498
0.01178217808 0.1117821781
0.01024843678 0.1102484368
0.008818059612 0.1088180596
0.007492106911 0.1074921069
0.006271564228 0.1062715642
0.005157341 0.105157341
0.004150269308 0.1041502693
0.003251102748 0.1032511027
0.002460515393 0.1024605154
0.001779100872 0.1017791009
0.001207371555 0.1012073716
0.0007457578479 0.1007457578
0.0003946075987 0.1003946076
0.0001541856198 0.1001541856
2.467332104e-05 0.1000246733
0 0.1
