q  E
-0.2 0.0576
-0.1965 0.0552777701
-0.193 0.053014602
-0.1895 0.05080978081
-0.186 0.04866259522
-0.1825 0.04657233754
-0.179 0.04453830368
-0.1755 0.04255979315
-0.172 0.04063610906
-0.1685 0.03876655811
-0.165 0.03695045063
-0.1615 0.03518710052
-0.158 0.0334758253
-0.1545 0.03181594609
-0.151 0.0302067876
-0.1475 0.02864767816
-0.144 0.0271379497
-0.1405 0.02567693772
-0.137 0.02426398136
-0.1335 0.02289842335
-0.13 0.02157961
-0.1265 0.02030689126
-0.123 0.01907962064
-0.1195 0.01789715529
-0.116 0.01675885594
-0.1125 0.01566408691
-0.109 0.01461221616
-0.1055 0.01360261522
-0.102 0.01263465922
-0.0985 0.01170772691
-0.095 0.01082120063
-0.0915 0.00997446632
-0.088 0.009166913536
-0.0845 0.00839793542
-0.081 0.007666928721
-0.0775 0.006973293789
-0.074 0.006316434576
-0.0705 0.005695758635
-0.067 0.005110677121
-0.0635 0.00456060479
-0.06 0.00404496
-0.0565 0.00356316471
-0.053 0.003114644481
-0.0495 0.002698828475
-0.046 0.002315149456
-0.0425 0.001963043789
-0.039 0.001641951441
-0.0355 0.00135131598
-0.032 0.001090584576
-0.0285 0.0008592080001
-0.025 0.000656640625
-0.0215 0.0004823404251
-0.018 0.000335768976
-0.0145 0.0002163914551
-0.011 0.000123676641
-0.0075 5.709691406e-05
-0.004 1.6128256e-05
-0.0005 2.502500625e-07
0.003 8.946081e-06
0.0065 4.170253506e-05
0.01 9.801e-05
0.0135 0.0001773624651
0.017 0.000279257521
0.0205 0.0004031963601
0.024 0.000548683776
0.0275 0.0007152281641
0.031 0.000902341521
0.0345 0.001109539445
0.038 0.001336341136
0.0415 0.001582269395
0.045 0.001846850625
0.0485 0.00212961483
0.052 0.002430095616
0.0555 0.00274783019
0.059 0.003082359361
0.0625 0.003433227539
0.066 0.003799982736
0.0695 0.004182176565
0.073 0.004579364241
0.0765 0.00499110458
0.08 0.00541696
0.0835 0.00585649652
0.087 0.006309283761
0.0905 0.006774894945
0.094 0.007252906896
0.0975 0.007742900039
0.101 0.008244458401
0.1045 0.00875716961
0.108 0.009280624896
0.1115 0.00981441909
0.115 0.01035815062
0.1185 0.01091142154
0.122 0.01147383746
0.1255 0.01204500763
0.129 0.01262454488
0.1325 0.01321206566
0.136 0.01380719002
0.1395 0.01440954158
0.143 0.0150187476
0.1465 0.01563443893
0.15 0.01625625
0.1535 0.01688381888
0.157 0.0175167872
0.1605 0.01815480023
0.164 0.01879750682
0.1675 0.01944455941
0.171 0.02009561408
0.1745 0.02075033048
0.178 0.02140837186
0.1815 0.02206940509
0.185 0.02273310062
0.1885 0.02339913254
0.192 0.0240671785
0.1955 0.02473691976
0.199 0.0254080412
0.2025 0.02608023129
0.206 0.0267531821
0.2095 0.0274265893
0.213 0.02810015216
0.2165 0.02877357357
0.22 0.02944656
0.2235 0.03011882153
0.227 0.03079007184
0.2305 0.03146002822
0.234 0.03212841154
0.2375 0.03279494629
0.241 0.03345936056
0.2445 0.03412138604
0.248 0.03478075802
0.2515 0.03543721538
0.255 0.03609050063
0.2585 0.03674035985
0.262 0.03738654274
0.2655 0.0380288026
0.269 0.03866689632
0.2725 0.03930058441
0.276 0.03992963098
0.2795 0.04055380371
0.283 0.04117287392
0.2865 0.04178661652
0.29 0.04239481
0.2935 0.04299723649
0.297 0.04359368168
0.3005 0.0441839349
0.304 0.04476778906
0.3075 0.04534504066
0.311 0.04591548984
0.3145 0.04647894031
0.318 0.04703519938
0.3215 0.04758407798
0.325 0.04812539063
0.3285 0.04865895545
0.332 0.04918459418
0.3355 0.04970213213
0.339 0.05021139824
0.3425 0.05071222504
0.346 0.05120444866
0.3495 0.05168790883
0.353 0.05216244888
0.3565 0.05262791576
0.36 0.05308416
0.3635 0.05353103574
0.367 0.05396840072
0.3705 0.05439611629
0.374 0.05481404738
0.3775 0.05522206254
0.381 0.05562003392
0.3845 0.05600783727
0.388 0.05638535194
0.3915 0.05675246087
0.395 0.05710905062
0.3985 0.05745501136
0.402 0.05779023682
0.4055 0.05811462437
0.409 0.05842807496
0.4125 0.05873049316
0.416 0.05902178714
0.4195 0.05930186864
0.423 0.05957065304
0.4265 0.05982805931
0.43 0.06007401
0.4335 0.0603084313
0.437 0.06053125296
0.4405 0.06074240837
0.444 0.0609418345
0.4475 0.06112947191
0.451 0.0613052648
0.4545 0.06146916094
0.458 0.0616211117
0.4615 0.06176107207
0.465 0.06188900062
0.4685 0.06200485956
0.472 0.06210861466
0.4755 0.0622002353
0.479 0.06227969448
0.4825 0.06234696879
0.486 0.06240203842
0.4895 0.06244488716
0.493 0.0624755024
0.4965 0.06249387515
0.5 0.0625
0.5035 0.06249387515
0.507 0.0624755024
0.5105 0.06244488716
0.514 0.06240203842
0.5175 0.06234696879
0.521 0.06227969448
0.5245 0.0622002353
0.528 0.06210861466
0.5315 0.06200485956
0.535 0.06188900062
0.5385 0.06176107207
0.542 0.0616211117
0.5455 0.06146916094
0.549 0.0613052648
0.5525 0.06112947191
0.556 0.0609418345
0.5595 0.06074240837
0.563 0.06053125296
0.5665 0.0603084313
0.57 0.06007401
0.5735 0.05982805931
0.577 0.05957065304
0.5805 0.05930186864
0.584 0.05902178714
0.5875 0.05873049316
0.591 0.05842807496
0.5945 0.05811462437
0.598 0.05779023682
0.6015 0.05745501136
0.605 0.05710905063
0.6085 0.05675246087
0.612 0.05638535194
0.6155 0.05600783727
0.619 0.05562003392
0.6225 0.05522206254
0.626 0.05481404738
0.6295 0.05439611629
0.633 0.05396840072
0.6365 0.05353103574
0.64 0.05308416
0.6435 0.05262791576
0.647 0.05216244888
0.6505 0.05168790883
0.654 0.05120444866
0.6575 0.05071222504
0.661 0.05021139824
0.6645 0.04970213213
0.668 0.04918459418
0.6715 0.04865895545
0.675 0.04812539062
0.6785 0.04758407798
0.682 0.04703519938
0.6855 0.04647894031
0.689 0.04591548984
0.6925 0.04534504066
0.696 0.04476778906
0.6995 0.0441839349
0.703 0.04359368168
0.7065 0.04299723649
0.71 0.04239481
0.7135 0.04178661652
0.717 0.04117287392
0.7205 0.04055380371
0.724 0.03992963098
0.7275 0.03930058441
0.731 0.03866689632
0.7345 0.0380288026
0.738 0.03738654274
0.7415 0.03674035985
0.745 0.03609050063
0.7485 0.03543721538
0.752 0.03478075802
0.7555 0.03412138604
0.759 0.03345936056
0.7625 0.03279494629
0.766 0.03212841154
0.7695 0.03146002822
0.773 0.03079007184
0.7765 0.03011882153
0.78 0.02944656
0.7835 0.02877357357
0.787 0.02810015216
0.7905 0.0274265893
0.794 0.0267531821
0.7975 0.02608023129
0.801 0.0254080412
0.8045 0.02473691976
0.808 0.0240671785
0.8115 0.02339913254
0.815 0.02273310063
0.8185 0.02206940509
0.822 0.02140837186
0.8255 0.02075033048
0.829 0.02009561408
0.8325 0.01944455941
0.836 0.01879750682
0.8395 0.01815480023
0.843 0.0175167872
0.8465 0.01688381888
0.85 0.01625625
0.8535 0.01563443893
0.857 0.0150187476
0.8605 0.01440954158
0.864 0.01380719002
0.8675 0.01321206566
0.871 0.01262454488
0.8745 0.01204500763
0.878 0.01147383746
0.8815 0.01091142154
0.885 0.01035815062
0.8885 0.00981441909
0.892 0.009280624896
0.8955 0.00875716961
0.899 0.008244458401
0.9025 0.007742900039
0.906 0.007252906896
0.9095 0.006774894945
0.913 0.006309283761
0.9165 0.00585649652
0.92 0.00541696
0.9235 0.00499110458
0.927 0.004579364241
0.9305 0.004182176565
0.934 0.003799982736
0.9375 0.003433227539
0.941 0.003082359361
0.9445 0.00274783019
0.948 0.002430095616
0.9515 0.00212961483
0.955 0.001846850625
0.9585 0.001582269395
0.962 0.001336341136
0.9655 0.001109539445
0.969 0.000902341521
0.9725 0.0007152281641
0.976 0.000548683776
0.9795 0.0004031963601
0.983 0.000279257521
0.9865 0.0001773624651
0.99 9.801e-05
0.9935 4.170253506e-05
0.997 8.946081e-06
1.0005 2.502500625e-07
1.004 1.6128256e-05
1.0075 5.709691406e-05
1.011 0.000123676641
1.0145 0.0002163914551
1.018 0.000335768976
1.0215 0.0004823404251
1.025 0.000656640625
1.0285 0.0008592080001
1.032 0.001090584576
1.0355 0.00135131598
1.039 0.001641951441
1.0425 0.001963043789
1.046 0.002315149456
1.0495 0.002698828475
1.053 0.003114644481
1.0565 0.00356316471
1.06 0.00404496
1.0635 0.00456060479
1.067 0.005110677121
1.0705 0.005695758635
1.074 0.006316434576
1.0775 0.006973293789
1.081 0.007666928721
1.0845 0.00839793542
1.088 0.009166913536
1.0915 0.00997446632
1.095 0.01082120062
1.0985 0.01170772691
1.102 0.01263465922
1.1055 0.01360261522
1.109 0.01461221616
1.1125 0.01566408691
1.116 0.01675885594
1.1195 0.01789715529
1.123 0.01907962064
1.1265 0.02030689126
1.13 0.02157961
1.1335 0.02289842335
1.137 0.02426398136
1.1405 0.02567693772
1.144 0.0271379497
1.1475 0.02864767816
1.151 0.0302067876
1.1545 0.03181594609
1.158 0.0334758253
1.1615 0.03518710052
1.165 0.03695045063
1.1685 0.03876655811
1.172 0.04063610906
1.1755 0.04255979315
1.179 0.04453830368
1.1825 0.04657233754
1.186 0.04866259522
1.1895 0.05080978081
1.193 0.053014602
1.1965 0.0552777701
1.2 0.0576
