q  E
-0.2 0.09335743391
-0.1965 0.09040944891
-0.193 0.08752052572
-0.1895 0.08468994943
-0.186 0.08191700875
-0.1825 0.07920099598
-0.179 0.07654120703
-0.1755 0.0739369414
-0.172 0.07138750222
-0.1685 0.06889219618
-0.165 0.0664503336
-0.1615 0.0640612284
-0.158 0.06172419808
-0.1545 0.05943856378
-0.151 0.0572036502
-0.1475 0.05501878567
-0.144 0.05288330211
-0.1405 0.05079653504
-0.137 0.04875782359
-0.1335 0.04676651048
-0.13 0.04482194204
-0.1265 0.0429234682
-0.123 0.04107044249
-0.1195 0.03926222205
-0.116 0.0374981676
-0.1125 0.03577764349
-0.109 0.03410001764
-0.1055 0.0324646616
-0.102 0.03087095051
-0.0985 0.0293182631
-0.095 0.02780598173
-0.0915 0.02633349233
-0.088 0.02490018446
-0.0845 0.02350545125
-0.081 0.02214868945
-0.0775 0.02082929943
-0.074 0.01954668512
-0.0705 0.01830025409
-0.067 0.01708941748
-0.0635 0.01591359006
-0.06 0.01477219017
-0.0565 0.01366463979
-0.053 0.01259036447
-0.0495 0.01154879337
-0.046 0.01053935925
-0.0425 0.009561498495
-0.039 0.008614651053
-0.0355 0.007698260499
-0.032 0.006811774001
-0.0285 0.005954642332
-0.025 0.005126319864
-0.0215 0.00432626457
-0.018 0.003553938028
-0.0145 0.002808805413
-0.011 0.002090335506
-0.0075 0.001398000686
-0.004 0.0007312769342
-0.0005 8.964383483e-05
0.003 -0.0005274154276
0.0065 -0.001120414067
0.01 -0.001689861695
0.0135 -0.002236264324
0.017 -0.002760124361
0.0205 -0.003261940616
0.024 -0.003742208293
0.0275 -0.004201418998
0.031 -0.004640060735
0.0345 -0.005058617904
0.038 -0.005457571307
0.0415 -0.005837398141
0.045 -0.006198572004
0.0485 -0.006541562893
0.052 -0.0068668372
0.0555 -0.007174857719
0.059 -0.007466083642
0.0625 -0.007740970557
0.066 -0.007999970454
0.0695 -0.008243531718
0.073 -0.008472099135
0.0765 -0.00868611389
0.08 -0.008886013563
0.0835 -0.009072232137
0.087 -0.009245199989
0.0905 -0.009405343898
0.094 -0.009553087041
0.0975 -0.009688848991
0.101 -0.009813045723
0.1045 -0.009926089607
0.108 -0.01002838941
0.1115 -0.01012035031
0.115 -0.01020237387
0.1185 -0.01027485806
0.122 -0.01033819723
0.1255 -0.01039278215
0.129 -0.01043899999
0.1325 -0.0104772343
0.136 -0.01050786504
0.1395 -0.01053126857
0.143 -0.01054781764
0.1465 -0.01055788141
0.15 -0.01056182543
0.1535 -0.01056001165
0.157 -0.01055279842
0.1605 -0.01054054048
0.164 -0.01052358899
0.1675 -0.01050229148
0.171 -0.01047699191
0.1745 -0.01044803061
0.178 -0.01041574432
0.1815 -0.01038046619
0.185 -0.01034252574
0.1885 -0.01030224892
0.192 -0.01025995806
0.1955 -0.01021597189
0.199 -0.01017060554
0.2025 -0.01012417054
0.206 -0.01007697483
0.2095 -0.01002932272
0.213 -0.009981514951
0.2165 -0.009933848635
0.22 -0.009886617299
0.2235 -0.009840110862
0.227 -0.009794615645
0.2305 -0.009750414364
0.234 -0.009707786136
0.2375 -0.009667006477
0.241 -0.009628347298
0.2445 -0.009592076913
0.248 -0.00955846003
0.2515 -0.009527757759
0.255 -0.009500227608
0.2585 -0.009476123481
0.262 -0.009455695684
0.2655 -0.009439190918
0.269 -0.009426852285
0.2725 -0.009418919286
0.276 -0.009415627817
0.2795 -0.009417210176
0.283 -0.009423895059
0.2865 -0.009435907558
0.29 -0.009453469167
0.2935 -0.009476797775
0.297 -0.009506107672
0.3005 -0.009541609547
0.304 -0.009583510484
0.3075 -0.00963201397
0.311 -0.009687319886
0.3145 -0.009749624515
0.318 -0.009819120538
0.3215 -0.009895997032
0.325 -0.009980439476
0.3285 -0.01007262974
0.332 -0.01017274611
0.3355 -0.01028096325
0.339 -0.01039745223
0.3425 -0.01052238053
0.346 -0.010655912
0.3495 -0.01079820693
0.353 -0.01094942197
0.3565 -0.01110971018
0.36 -0.01127922103
0.3635 -0.01145810039
0.367 -0.0116464905
0.3705 -0.01184453003
0.374 -0.01205235403
0.3775 -0.01227009396
0.381 -0.01249787767
0.3845 -0.01273582942
0.388 -0.01298406985
0.3915 -0.013242716
0.395 -0.01351188134
0.3985 -0.01379167571
0.402 -0.01408220534
0.4055 -0.01438357288
0.409 -0.01469587738
0.4125 -0.01501921427
0.416 -0.01535367539
0.4195 -0.01569934898
0.423 -0.01605631967
0.4265 -0.0164246685
0.43 -0.0168044729
0.4335 -0.0171958067
0.437 -0.01759874013
0.4405 -0.01801333981
0.444 -0.01843966878
0.4475 -0.01887778646
0.451 -0.01932774866
0.4545 -0.01978960762
0.458 -0.02026341195
0.4615 -0.02074920668
0.465 -0.02124703321
0.4685 -0.02175692937
0.472 -0.02227892937
0.4755 -0.02281306382
0.479 -0.02335935973
0.4825 -0.02391784051
0.486 -0.02448852598
0.4895 -0.02507143233
0.493 -0.02566657218
0.4965 -0.02627395453
0.5 -0.02689358477
0.5035 -0.02752546471
0.507 -0.02816959256
0.5105 -0.0288259629
0.514 -0.02949456673
0.5175 -0.03017539145
0.521 -0.03086842085
0.5245 -0.03157363512
0.528 -0.03229101086
0.5315 -0.03302052105
0.535 -0.03376213508
0.5385 -0.03451581873
0.542 -0.03528153419
0.5455 -0.03605924005
0.549 -0.03684889128
0.5525 -0.03765043926
0.556 -0.03846383177
0.5595 -0.03928901299
0.563 -0.04012592349
0.5665 -0.04097450025
0.57 -0.04183467664
0.5735 -0.04270638243
0.577 -0.04358954378
0.5805 -0.04448408328
0.584 -0.04538991988
0.5875 -0.04630696894
0.591 -0.04723514224
0.5945 -0.04817434793
0.598 -0.04912449057
0.6015 -0.05008547112
0.605 -0.05105718695
0.6085 -0.0520395318
0.612 -0.05303239582
0.6155 -0.05403566558
0.619 -0.05504922402
0.6225 -0.0560729505
0.626 -0.05710672076
0.6295 -0.05815040694
0.633 -0.0592038776
0.6365 -0.06026699767
0.64 -0.06133962851
0.6435 -0.06242162784
0.647 -0.06351284981
0.6505 -0.06461314496
0.654 -0.06572236022
0.6575 -0.06684033893
0.661 -0.06796692083
0.6645 -0.06910194203
0.668 -0.07024523508
0.6715 -0.0713966289
0.675 -0.07255594881
0.6785 -0.07372301656
0.682 -0.07489765025
0.6855 -0.07607966441
0.689 -0.07726886997
0.6925 -0.07846507424
0.696 -0.07966808094
0.6995 -0.08087769019
0.703 -0.08209369851
0.7065 -0.0833158988
0.71 -0.08454408037
0.7135 -0.08577802895
0.717 -0.08701752664
0.7205 -0.08826235194
0.724 -0.08951227977
0.7275 -0.09076708143
0.731 -0.09202652461
0.7345 -0.09329037343
0.738 -0.09455838838
0.7415 -0.09583032637
0.745 -0.09710594068
0.7485 -0.09838498102
0.752 -0.09966719348
0.7555 -0.1009523205
0.759 -0.1022401011
0.7625 -0.1035302705
0.766 -0.1048225603
0.7695 -0.1061166987
0.773 -0.1074124102
0.7765 -0.1087094156
0.78 -0.1100074322
0.7835 -0.1113061738
0.787 -0.1126053503
0.7905 -0.1139046682
0.794 -0.1152038305
0.7975 -0.1165025364
0.801 -0.1178004816
0.8045 -0.1190973581
0.808 -0.1203928545
0.8115 -0.1216866555
0.815 -0.1229784426
0.8185 -0.1242678932
0.822 -0.1255546815
0.8255 -0.126838478
0.829 -0.1281189495
0.8325 -0.1293957592
0.836 -0.1306685669
0.8395 -0.1319370286
0.843 -0.1332007967
0.8465 -0.1344595201
0.85 -0.1357128441
0.8535 -0.1369604103
0.857 -0.1382018567
0.8605 -0.1394368178
0.864 -0.1406649245
0.8675 -0.1418858039
0.871 -0.1430990798
0.8745 -0.1443043721
0.878 -0.1455012974
0.8815 -0.1466894684
0.885 -0.1478684944
0.8885 -0.149037981
0.892 -0.1501975303
0.8955 -0.1513467407
0.899 -0.152485207
0.9025 -0.1536125205
0.906 -0.1547282687
0.9095 -0.1558320358
0.913 -0.156923402
0.9165 -0.1580019444
0.92 -0.159067236
0.9235 -0.1601188465
0.927 -0.1611563419
0.9305 -0.1621792847
0.934 -0.1631872336
0.9375 -0.1641797439
0.941 -0.1651563672
0.9445 -0.1661166514
0.948 -0.1670601411
0.9515 -0.167986377
0.955 -0.1688948963
0.9585 -0.1697852326
0.962 -0.170656916
0.9655 -0.1715094727
0.969 -0.1723424258
0.9725 -0.1731552942
0.976 -0.1739475937
0.9795 -0.1747188362
0.983 -0.1754685301
0.9865 -0.1761961803
0.99 -0.1769012878
0.9935 -0.1775833504
0.997 -0.178241862
1.0005 -0.1788763129
1.004 -0.17948619
1.0075 -0.1800709764
1.011 -0.1806301518
1.0145 -0.181163192
1.018 -0.1816695696
1.0215 -0.1821487533
1.025 -0.1826002082
1.0285 -0.1830233959
1.032 -0.1834177744
1.0355 -0.1837827981
1.039 -0.1841179177
1.0425 -0.1844225805
1.046 -0.1846962299
1.0495 -0.184938306
1.053 -0.185148245
1.0565 -0.1853254799
1.06 -0.1854694397
1.0635 -0.18557955
1.067 -0.1856552328
1.0705 -0.1856959064
1.074 -0.1857009855
1.0775 -0.1856698814
1.081 -0.1856020016
1.0845 -0.1854967499
1.088 -0.1853535269
1.0915 -0.1851717292
1.095 -0.18495075
1.0985 -0.1846899788
1.102 -0.1843888016
1.1055 -0.1840466007
1.109 -0.1836627549
1.1125 -0.1832366392
1.116 -0.1827676253
1.1195 -0.182255081
1.123 -0.1816983708
1.1265 -0.1810968552
1.13 -0.1804498916
1.1335 -0.1797568333
1.137 -0.1790170304
1.1405 -0.1782298291
1.144 -0.1773945723
1.1475 -0.1765105989
1.151 -0.1755772445
1.1545 -0.1745938411
1.158 -0.173559717
1.1615 -0.1724741969
1.165 -0.1713366019
1.1685 -0.1701462495
1.172 -0.1689024536
1.1755 -0.1676045246
1.179 -0.1662517692
1.1825 -0.1648434904
1.186 -0.1633789879
1.1895 -0.1618575574
1.193 -0.1602784913
1.1965 -0.1586410783
1.2 -0.1569446034
